// -*- C++ -*-
//
// ======================================================================
//
//                           Brad T. Aagaard
//                        U.S. Geological Survey
//
// {LicenseText}
//
// ======================================================================
//

// DO NOT EDIT THIS FILE
// This file was generated from python application elasticityimplicit.

#include "ElasticityImplicitData3DQuadratic.hh"

const int pylith::feassemble::ElasticityImplicitData3DQuadratic::_spaceDim = 3;

const int pylith::feassemble::ElasticityImplicitData3DQuadratic::_cellDim = 3;

const int pylith::feassemble::ElasticityImplicitData3DQuadratic::_numVertices = 10;

const int pylith::feassemble::ElasticityImplicitData3DQuadratic::_numCells = 1;

const int pylith::feassemble::ElasticityImplicitData3DQuadratic::_numBasis = 10;

const int pylith::feassemble::ElasticityImplicitData3DQuadratic::_numQuadPts = 4;

const char* pylith::feassemble::ElasticityImplicitData3DQuadratic::_matType = "ElasticIsotropic3D";

const char* pylith::feassemble::ElasticityImplicitData3DQuadratic::_matDBFilename = "data/elasticisotropic3d.spatialdb";

const int pylith::feassemble::ElasticityImplicitData3DQuadratic::_matId = 0;

const char* pylith::feassemble::ElasticityImplicitData3DQuadratic::_matLabel = "elastic isotropic 3-D";

const double pylith::feassemble::ElasticityImplicitData3DQuadratic::_dt =   1.00000000e-02;

const double pylith::feassemble::ElasticityImplicitData3DQuadratic::_vertices[] = {
 -5.00000000e-01, -2.00000000e+00, -1.00000000e+00,
  2.00000000e+00, -2.00000000e+00, -5.00000000e-01,
  1.00000000e+00,  1.00000000e+00,  0.00000000e+00,
  2.00000000e-01,  5.00000000e-01,  2.00000000e+00,
  7.00000000e-01, -2.10000000e+00, -8.00000000e-01,
  3.00000000e-01, -5.00000000e-01, -5.00000000e-01,
 -2.00000000e-01, -8.00000000e-01,  5.00000000e-01,
  1.50000000e+00, -6.00000000e-01, -2.00000000e-01,
  6.00000000e-01,  8.00000000e-01,  9.00000000e-01,
  1.10000000e+00, -8.00000000e-01,  7.00000000e-01,
};

const int pylith::feassemble::ElasticityImplicitData3DQuadratic::_cells[] = {
0,1,2,3,4,5,6,7,8,9,
};

const double pylith::feassemble::ElasticityImplicitData3DQuadratic::_verticesRef[] = {
 -1.00000000e+00, -1.00000000e+00, -1.00000000e+00,
  1.00000000e+00, -1.00000000e+00, -1.00000000e+00,
 -1.00000000e+00,  1.00000000e+00, -1.00000000e+00,
 -1.00000000e+00, -1.00000000e+00,  1.00000000e+00,
 -1.00000000e+00,  0.00000000e+00, -1.00000000e+00,
  0.00000000e+00,  0.00000000e+00, -1.00000000e+00,
  0.00000000e+00, -1.00000000e+00, -1.00000000e+00,
 -1.00000000e+00, -1.00000000e+00,  0.00000000e+00,
  0.00000000e+00, -1.00000000e+00,  0.00000000e+00,
 -1.00000000e+00,  0.00000000e+00,  0.00000000e+00,
};

const double pylith::feassemble::ElasticityImplicitData3DQuadratic::_quadPts[] = {
  8.33333333e-02,  8.33333333e-02,  8.33333333e-02,
  7.50000000e-01,  8.33333333e-02,  8.33333333e-02,
  8.33333333e-02,  7.50000000e-01,  8.33333333e-02,
  8.33333333e-02,  8.33333333e-02,  7.50000000e-01,
};

const double pylith::feassemble::ElasticityImplicitData3DQuadratic::_quadWts[] = {
  1.25000000e-01,  1.25000000e-01,  1.25000000e-01,  1.25000000e-01,
};

const double pylith::feassemble::ElasticityImplicitData3DQuadratic::_basis[] = {
  3.75000000e-01, -6.94444444e-02, -6.94444444e-02,
 -6.94444444e-02,  2.50000000e-01,  2.50000000e-01,
  2.50000000e-01,  2.77777778e-02,  2.77777778e-02,
  2.77777778e-02, -6.94444444e-02,  3.75000000e-01,
 -6.94444444e-02, -6.94444444e-02,  2.50000000e-01,
  2.77777778e-02,  2.77777778e-02,  2.50000000e-01,
  2.77777778e-02,  2.50000000e-01, -6.94444444e-02,
 -6.94444444e-02,  3.75000000e-01, -6.94444444e-02,
  2.77777778e-02,  2.50000000e-01,  2.77777778e-02,
  2.50000000e-01,  2.50000000e-01,  2.77777778e-02,
 -6.94444444e-02, -6.94444444e-02, -6.94444444e-02,
  3.75000000e-01,  2.77777778e-02,  2.77777778e-02,
  2.50000000e-01,  2.77777778e-02,  2.50000000e-01,
  2.50000000e-01,};

const double pylith::feassemble::ElasticityImplicitData3DQuadratic::_basisDerivRef[] = {
 -2.00000000e+00, -2.00000000e+00, -2.00000000e+00,
 -6.66666667e-01,  0.00000000e+00,  0.00000000e+00,
  0.00000000e+00, -6.66666667e-01,  0.00000000e+00,
  0.00000000e+00,  0.00000000e+00, -6.66666667e-01,
  2.66666667e+00, -3.33333333e-01, -3.33333333e-01,
 -3.33333333e-01,  2.66666667e+00, -3.33333333e-01,
 -3.33333333e-01, -3.33333333e-01,  2.66666667e+00,
  3.33333333e-01,  3.33333333e-01,  0.00000000e+00,
  0.00000000e+00,  3.33333333e-01,  3.33333333e-01,
  3.33333333e-01,  0.00000000e+00,  3.33333333e-01,
  6.66666667e-01,  6.66666667e-01,  6.66666667e-01,
  2.00000000e+00,  0.00000000e+00,  0.00000000e+00,
  0.00000000e+00, -6.66666667e-01,  0.00000000e+00,
  0.00000000e+00,  0.00000000e+00, -6.66666667e-01,
 -2.66666667e+00, -3.00000000e+00, -3.00000000e+00,
 -3.33333333e-01,  1.11022302e-16, -3.33333333e-01,
 -3.33333333e-01, -3.33333333e-01,  1.11022302e-16,
  3.33333333e-01,  3.00000000e+00,  0.00000000e+00,
  0.00000000e+00,  3.33333333e-01,  3.33333333e-01,
  3.33333333e-01,  0.00000000e+00,  3.00000000e+00,
  6.66666667e-01,  6.66666667e-01,  6.66666667e-01,
 -6.66666667e-01,  0.00000000e+00,  0.00000000e+00,
  0.00000000e+00,  2.00000000e+00,  0.00000000e+00,
  0.00000000e+00,  0.00000000e+00, -6.66666667e-01,
  1.11022302e-16, -3.33333333e-01, -3.33333333e-01,
 -3.00000000e+00, -2.66666667e+00, -3.00000000e+00,
 -3.33333333e-01, -3.33333333e-01, -1.11022302e-16,
  3.00000000e+00,  3.33333333e-01,  0.00000000e+00,
  0.00000000e+00,  3.33333333e-01,  3.00000000e+00,
  3.33333333e-01,  0.00000000e+00,  3.33333333e-01,
  6.66666667e-01,  6.66666667e-01,  6.66666667e-01,
 -6.66666667e-01,  0.00000000e+00,  0.00000000e+00,
  0.00000000e+00, -6.66666667e-01,  0.00000000e+00,
  0.00000000e+00,  0.00000000e+00,  2.00000000e+00,
 -1.11022302e-16, -3.33333333e-01, -3.33333333e-01,
 -3.33333333e-01, -1.11022302e-16, -3.33333333e-01,
 -3.00000000e+00, -3.00000000e+00, -2.66666667e+00,
  3.33333333e-01,  3.33333333e-01,  0.00000000e+00,
  0.00000000e+00,  3.00000000e+00,  3.33333333e-01,
  3.00000000e+00,  0.00000000e+00,  3.33333333e-01,
};

const double pylith::feassemble::ElasticityImplicitData3DQuadratic::_fieldTpdt[] = {
  3.00000000e-01, -4.00000000e-01, -4.00000000e-01,
 -6.00000000e-01,  8.00000000e-01,  2.00000000e-01,
  5.00000000e-01,  5.00000000e-01,  7.00000000e-01,
 -7.00000000e-01, -5.00000000e-01, -7.00000000e-01,
 -6.00000000e-01, -3.00000000e-01,  8.00000000e-01,
 -4.00000000e-01, -8.00000000e-01, -5.00000000e-01,
  7.00000000e-01,  8.00000000e-01, -5.00000000e-01,
 -5.00000000e-01, -5.00000000e-01, -7.00000000e-01,
 -3.00000000e-01, -9.00000000e-01,  8.00000000e-01,
 -1.00000000e-01,  5.00000000e-01, -9.00000000e-01,
};

const double pylith::feassemble::ElasticityImplicitData3DQuadratic::_fieldT[] = {
  1.00000000e-01, -2.00000000e-01, -6.00000000e-01,
 -3.00000000e-01,  4.00000000e-01,  9.00000000e-01,
  6.00000000e-01,  8.00000000e-01,  5.00000000e-01,
 -8.00000000e-01, -6.00000000e-01, -8.00000000e-01,
 -0.00000000e+00, -2.00000000e-01,  6.00000000e-01,
 -4.00000000e-01, -7.00000000e-01, -2.00000000e-01,
  7.00000000e-01,  6.00000000e-01, -1.00000000e-01,
 -4.00000000e-01, -3.00000000e-01, -3.00000000e-01,
 -7.00000000e-01, -6.00000000e-01,  1.00000000e-01,
 -9.00000000e-01,  3.00000000e-01, -8.00000000e-01,
};

const double pylith::feassemble::ElasticityImplicitData3DQuadratic::_fieldTmdt[] = {
  2.00000000e-01, -3.00000000e-01, -4.00000000e-01,
 -6.00000000e-01,  2.00000000e-01,  3.00000000e-01,
  5.00000000e-01,  2.00000000e-01,  5.00000000e-01,
 -3.00000000e-01, -6.00000000e-01, -3.00000000e-01,
 -5.00000000e-01, -9.00000000e-01,  4.00000000e-01,
 -3.00000000e-01, -6.00000000e-01, -8.00000000e-01,
  9.00000000e-01,  5.00000000e-01, -2.00000000e-01,
 -7.00000000e-01, -3.00000000e-01, -3.00000000e-01,
 -5.00000000e-01, -8.00000000e-01,  4.00000000e-01,
 -4.00000000e-01,  5.00000000e-01, -8.00000000e-01,
};

const double pylith::feassemble::ElasticityImplicitData3DQuadratic::_valsResidual[] = {
 -4.23293588e+10, -2.77322955e+10,  1.60678757e+11,
 -9.57785654e+09, -1.16546360e+11,  2.08212509e+10,
 -2.32850642e+11, -5.45737494e+11,  3.99403558e+11,
  4.66589928e+10, -1.10817849e+11,  3.59789383e+11,
  3.81294856e+10, -2.30875676e+11, -1.04828412e+11,
  3.46864294e+11,  5.91207973e+11, -2.10576075e+11,
 -7.59895172e+11, -4.18997477e+11, -6.23908371e+10,
  1.13569956e+11,  6.51755933e+11, -3.83093543e+11,
  2.17299147e+11,  7.79749940e+11, -7.81469581e+11,
  2.82131154e+11, -5.72006695e+11,  6.01665499e+11,
};

const double pylith::feassemble::ElasticityImplicitData3DQuadratic::_valsJacobian[] = {
  1.73593357e+11,  1.31221858e+10,  5.92480125e+10,
  4.41282224e+10, -8.97243830e+09,  1.40275224e+10,
  1.34679027e+10,  1.74156506e+10, -1.17311004e+10,
  2.50981776e+09, -3.89615730e+09,  2.03669074e+10,
 -1.97580971e+11,  2.46666952e+10, -5.92427692e+10,
 -6.39826914e+10, -6.30670755e+10,  2.37451946e+10,
 -5.75008309e+10,  4.73972161e+09, -6.76312960e+10,
  4.15615137e+10,  1.28607278e+10, -3.42260328e+09,
 -4.09074006e+09,  1.31945069e+10, -5.53121731e+08,
  4.78944202e+10, -1.00638169e+10,  2.51932539e+10,
  1.31221858e+10,  7.18520028e+10,  7.27155983e+09,
 -8.97243830e+09,  1.37022228e+10, -5.67657348e+09,
  1.74156506e+10,  3.37218949e+09,  7.81448242e+09,
 -3.89615730e+09,  7.04979720e+09,  1.31986219e+09,
  2.46666952e+10, -6.88018779e+10,  1.63759884e+10,
 -6.30670755e+10, -1.97824896e+10, -3.28649392e+10,
  4.73972161e+09, -4.55140745e+10, -9.92622589e+08,
  1.28607278e+10,  1.58627981e+10,  1.39109953e+09,
  1.31945069e+10,  1.10938371e+10,  5.75133822e+09,
 -1.00638169e+10,  1.11655945e+10, -3.90195315e+08,
  5.92480125e+10,  7.27155983e+09,  1.03914450e+11,
  1.40275224e+10, -5.67657348e+09,  2.24800951e+10,
 -1.17311004e+10,  7.81448242e+09, -1.95631650e+10,
  2.03669074e+10,  1.31986219e+09,  2.98048728e+10,
 -5.92427692e+10,  1.63759884e+10, -9.96264559e+10,
  2.37451946e+10, -3.28649392e+10,  3.93731217e+10,
 -6.76312960e+10, -9.92622589e+08, -1.23190287e+11,
 -3.42260328e+09,  1.39109953e+09,  6.48660713e+08,
 -5.53121731e+08,  5.75133822e+09,  7.71963836e+09,
  2.51932539e+10, -3.90195315e+08,  3.84390694e+10,
  4.41282224e+10, -8.97243830e+09,  1.40275224e+10,
  1.54867792e+11, -5.79776370e+10,  2.87069197e+10,
  2.95819506e+09, -1.28154816e+10,  1.47119838e+10,
  1.21720190e+09,  2.69617162e+09, -2.00942458e+10,
 -1.67957268e+11,  3.87444252e+10, -4.30018854e+10,
  4.73211108e+10, -1.83435705e+10,  2.59834953e+10,
  6.22243332e+10, -4.76963520e+09, -4.72602760e+09,
 -8.43708418e+10,  6.54829989e+10, -5.87153835e+10,
  1.05412088e+10, -1.60852224e+10, -6.45089868e+08,
 -7.09299539e+10,  1.20403892e+10,  4.37527110e+10,
 -8.97243830e+09,  1.37022228e+10, -5.67657348e+09,
 -5.79776370e+10,  1.06553726e+11, -1.92267274e+10,
 -1.28154816e+10,  3.29179853e+10, -1.69448024e+10,
  2.69617162e+09, -1.09961911e+10,  1.40929084e+10,
  3.87444252e+10, -6.46611992e+10,  1.80003919e+10,
 -1.83435705e+10,  4.31637836e+10, -1.76027438e+10,
 -4.76963520e+09,  5.16244894e+09,  9.47741456e+09,
  6.54829989e+10, -1.54809527e+11,  6.03073752e+10,
 -1.60852224e+10,  2.20227238e+10, -1.05264992e+09,
  1.20403892e+10,  6.94402728e+09, -4.13745930e+10,
  1.40275224e+10, -5.67657348e+09,  2.24800951e+10,
  2.87069197e+10, -1.92267274e+10,  7.73569901e+10,
  1.47119838e+10, -1.69448024e+10,  2.49986324e+10,
 -2.00942458e+10,  1.40929084e+10, -1.48784174e+10,
 -4.30018854e+10,  1.80003919e+10, -7.96202073e+10,
  2.59834953e+10, -1.76027438e+10,  4.14841411e+10,
 -4.72602760e+09,  9.47741456e+09,  5.72099869e+09,
 -5.87153835e+10,  6.03073752e+10, -1.08351528e+11,
 -6.45089868e+08, -1.05264992e+09,  3.20090476e+08,
  4.37527110e+10, -4.13745930e+10,  3.04892048e+10,
  1.34679027e+10,  1.74156506e+10, -1.17311004e+10,
  2.95819506e+09, -1.28154816e+10,  1.47119838e+10,
  1.23438637e+11,  3.46519484e+10, -3.63582535e+10,
  2.79586306e+10,  5.32861592e+09, -1.10258169e+10,
  5.63042682e+09,  1.21350317e+09, -6.02985326e+08,
 -7.63547390e+10, -5.63463594e+10,  4.32763908e+10,
  2.31172881e+10,  2.27643288e+10, -2.16400017e+10,
 -2.79271875e+10,  2.72049791e+10, -3.64629550e+10,
 -1.32369258e+11, -2.60041909e+10,  4.80507945e+10,
  4.00801042e+10, -1.34129942e+10,  1.17819438e+10,
  1.74156506e+10,  3.37218949e+09,  7.81448242e+09,
 -1.28154816e+10,  3.29179853e+10, -1.69448024e+10,
  3.46519484e+10,  2.10679032e+11, -1.03280701e+11,
  5.32861592e+09,  2.90912967e+10, -2.19192151e+10,
  1.21350317e+09,  4.17179320e+10, -1.00288537e+10,
 -5.63463594e+10, -9.41470160e+10,  1.77452371e+10,
  2.27643288e+10,  3.80097265e+10, -1.97446690e+10,
  2.72049791e+10, -1.64835738e+11,  8.70817270e+10,
 -2.60041909e+10, -1.77738439e+11,  1.05235964e+11,
 -1.34129942e+10,  8.09330309e+10, -4.59591691e+10,
 -1.17311004e+10,  7.81448242e+09, -1.95631650e+10,
  1.47119838e+10, -1.69448024e+10,  2.49986324e+10,
 -3.63582535e+10, -1.03280701e+11,  2.16964664e+11,
 -1.10258169e+10, -2.19192151e+10,  6.56449763e+10,
 -6.02985326e+08, -1.00288537e+10,  3.92385068e+09,
  4.32763908e+10,  1.77452371e+10, -5.96357004e+09,
 -2.16400017e+10, -1.97446690e+10,  3.77361229e+10,
 -3.64629550e+10,  8.70817270e+10, -1.41181432e+11,
  4.80507945e+10,  1.05235964e+11, -2.76877324e+11,
  1.17819438e+10, -4.59591691e+10,  9.43172444e+10,
  2.50981776e+09, -3.89615730e+09,  2.03669074e+10,
  1.21720190e+09,  2.69617162e+09, -2.00942458e+10,
  2.79586306e+10,  5.32861592e+09, -1.10258169e+10,
  8.03801203e+10,  4.28312915e+09, -2.35710177e+10,
 -2.63620606e+09, -4.23405310e+09, -2.93320831e+09,
  1.80513827e+10,  2.78153902e+08,  4.95927270e+09,
 -2.69586121e+10,  8.60802181e+09, -5.02613001e+10,
  4.22351859e+10,  7.82107092e+09, -2.50091494e+10,
 -1.02342437e+11, -1.24141249e+10,  3.15730404e+10,
 -4.04150843e+10, -8.47082802e+09,  7.59955177e+10,
 -3.89615730e+09,  7.04979720e+09,  1.31986219e+09,
  2.69617162e+09, -1.09961911e+10,  1.40929084e+10,
  5.32861592e+09,  2.90912967e+10, -2.19192151e+10,
  4.28312915e+09,  8.08573662e+10, -2.49859128e+10,
 -4.23405310e+09, -1.13494224e+10,  1.45561697e+10,
  2.78153902e+08,  3.65196843e+10, -2.32167847e+10,
  8.60802181e+09, -3.99831278e+10, -1.82942578e+08,
  7.82107092e+09,  3.97041316e+10, -2.00323766e+10,
 -1.24141249e+10, -1.15124311e+11,  8.04538311e+10,
 -8.47082802e+09, -1.57692240e+10, -2.00855397e+10,
  2.03669074e+10,  1.31986219e+09,  2.98048728e+10,
 -2.00942458e+10,  1.40929084e+10, -1.48784174e+10,
 -1.10258169e+10, -2.19192151e+10,  6.56449763e+10,
 -2.35710177e+10, -2.49859128e+10,  2.19824483e+11,
 -2.93320831e+09,  1.45561697e+10,  1.88117001e+09,
  4.95927270e+09, -2.32167847e+10,  8.38973112e+10,
 -5.02613001e+10, -1.82942578e+08, -1.40625956e+11,
 -2.50091494e+10, -2.00323766e+10,  6.03522660e+10,
  3.15730404e+10,  8.04538311e+10, -2.60578922e+11,
  7.59955177e+10, -2.00855397e+10, -4.53217837e+10,
 -1.97580971e+11,  2.46666952e+10, -5.92427692e+10,
 -1.67957268e+11,  3.87444252e+10, -4.30018854e+10,
  5.63042682e+09,  1.21350317e+09, -6.02985326e+08,
 -2.63620606e+09, -4.23405310e+09, -2.93320831e+09,
  3.85696291e+11, -6.83381205e+10,  8.86790196e+10,
 -2.67543764e+10,  6.79930939e+10, -5.16095318e+10,
 -9.58513672e+09,  1.38759693e+10,  7.35601830e+10,
 -6.19215806e+09, -8.46878019e+10,  5.24221879e+10,
 -9.76062412e+09,  2.10558684e+09,  1.55381637e+09,
  2.91400233e+10,  8.66070187e+09, -5.88248267e+10,
  2.46666952e+10, -6.88018779e+10,  1.63759884e+10,
  3.87444252e+10, -6.46611992e+10,  1.80003919e+10,
  1.21350317e+09,  4.17179320e+10, -1.00288537e+10,
 -4.23405310e+09, -1.13494224e+10,  1.45561697e+10,
 -6.83381205e+10,  2.60180928e+11, -1.30705186e+10,
  6.79930939e+10, -1.76805094e+11,  8.21155993e+10,
  1.38759693e+10,  6.33678206e+10, -6.44938640e+10,
 -8.46878019e+10, -4.14570852e+10, -1.09266562e+10,
  2.10558684e+09, -3.98284804e+10, -6.18361482e+09,
  8.66070187e+09,  3.76364782e+10, -2.63446422e+10,
 -5.92427692e+10,  1.63759884e+10, -9.96264559e+10,
 -4.30018854e+10,  1.80003919e+10, -7.96202073e+10,
 -6.02985326e+08, -1.00288537e+10,  3.92385068e+09,
 -2.93320831e+09,  1.45561697e+10,  1.88117001e+09,
  8.86790196e+10, -1.30705186e+10,  2.11705117e+11,
 -5.16095318e+10,  8.21155993e+10, -8.74213471e+10,
  7.35601830e+10, -6.44938640e+10,  6.99356117e+10,
  5.24221879e+10, -1.09266562e+10,  7.56292185e+10,
  1.55381637e+09, -6.18361482e+09, -1.20128555e+10,
 -5.88248267e+10, -2.63446422e+10, -8.43941023e+10,
 -6.39826914e+10, -6.30670755e+10,  2.37451946e+10,
  4.73211108e+10, -1.83435705e+10,  2.59834953e+10,
 -7.63547390e+10, -5.63463594e+10,  4.32763908e+10,
  1.80513827e+10,  2.78153902e+08,  4.95927270e+09,
 -2.67543764e+10,  6.79930939e+10, -5.16095318e+10,
  4.13046988e+11,  3.89664193e+10,  7.46945751e+10,
 -6.36916424e+10, -3.24928572e+10,  5.96736247e+10,
 -1.86334149e+11,  3.11000319e+10, -7.52995207e+10,
  3.47603416e+10,  6.05218426e+09, -6.19443687e+10,
 -9.60622254e+10,  2.58599791e+10, -4.34791320e+10,
 -6.30670755e+10, -1.97824896e+10, -3.28649392e+10,
 -1.83435705e+10,  4.31637836e+10, -1.76027438e+10,
 -5.63463594e+10, -9.41470160e+10,  1.77452371e+10,
  2.78153902e+08,  3.65196843e+10, -2.32167847e+10,
  6.79930939e+10, -1.76805094e+11,  8.21155993e+10,
  3.89664193e+10,  4.49980968e+11, -1.55634984e+11,
 -3.24928572e+10, -1.47723652e+11,  1.19291549e+11,
  3.11000319e+10, -7.00384183e+09, -1.61733676e+10,
  6.05218426e+09,  2.23790298e+10, -2.80491949e+10,
  2.58599791e+10, -1.06581372e+11,  5.43896286e+10,
  2.37451946e+10, -3.28649392e+10,  3.93731217e+10,
  2.59834953e+10, -1.76027438e+10,  4.14841411e+10,
  4.32763908e+10,  1.77452371e+10, -5.96357004e+09,
  4.95927270e+09, -2.32167847e+10,  8.38973112e+10,
 -5.16095318e+10,  8.21155993e+10, -8.74213471e+10,
  7.46945751e+10, -1.55634984e+11,  4.97969373e+11,
  5.96736247e+10,  1.19291549e+11, -2.71854799e+11,
 -7.52995207e+10, -1.61733676e+10, -2.21556189e+10,
 -6.19443687e+10, -2.80491949e+10, -1.10527585e+11,
 -4.34791320e+10,  5.43896286e+10, -1.64801027e+11,
 -5.75008309e+10,  4.73972161e+09, -6.76312960e+10,
  6.22243332e+10, -4.76963520e+09, -4.72602760e+09,
  2.31172881e+10,  2.27643288e+10, -2.16400017e+10,
 -2.69586121e+10,  8.60802181e+09, -5.02613001e+10,
 -9.58513672e+09,  1.38759693e+10,  7.35601830e+10,
 -6.36916424e+10, -3.24928572e+10,  5.96736247e+10,
  4.47739208e+11,  6.69723122e+10, -4.08898440e+09,
 -1.06262150e+11, -2.34552462e+10,  3.46048012e+10,
 -1.49150887e+10, -9.40708368e+10,  5.51675595e+10,
 -2.54167369e+11,  3.78282216e+10, -7.46585584e+10,
  4.73972161e+09, -4.55140745e+10, -9.92622589e+08,
 -4.76963520e+09,  5.16244894e+09,  9.47741456e+09,
  2.27643288e+10,  3.80097265e+10, -1.97446690e+10,
  8.60802181e+09, -3.99831278e+10, -1.82942578e+08,
  1.38759693e+10,  6.33678206e+10, -6.44938640e+10,
 -3.24928572e+10, -1.47723652e+11,  1.19291549e+11,
  6.69723122e+10,  2.57490592e+11, -3.65894247e+10,
 -2.34552462e+10, -5.81619320e+10,  1.58763652e+10,
 -9.40708368e+10, -4.94585896e+10, -6.92382137e+09,
  3.78282216e+10, -2.31892124e+10, -1.57179843e+10,
 -6.76312960e+10, -9.92622589e+08, -1.23190287e+11,
 -4.72602760e+09,  9.47741456e+09,  5.72099869e+09,
 -2.16400017e+10, -1.97446690e+10,  3.77361229e+10,
 -5.02613001e+10, -1.82942578e+08, -1.40625956e+11,
  7.35601830e+10, -6.44938640e+10,  6.99356117e+10,
  5.96736247e+10,  1.19291549e+11, -2.71854799e+11,
 -4.08898440e+09, -3.65894247e+10,  4.50096056e+11,
  3.46048012e+10,  1.58763652e+10, -6.56498964e+10,
  5.51675595e+10, -6.92382137e+09,  6.79135146e+10,
 -7.46585584e+10, -1.57179843e+10, -3.00813662e+10,
  4.15615137e+10,  1.28607278e+10, -3.42260328e+09,
 -8.43708418e+10,  6.54829989e+10, -5.87153835e+10,
 -2.79271875e+10,  2.72049791e+10, -3.64629550e+10,
  4.22351859e+10,  7.82107092e+09, -2.50091494e+10,
 -6.19215806e+09, -8.46878019e+10,  5.24221879e+10,
 -1.86334149e+11,  3.11000319e+10, -7.52995207e+10,
 -1.06262150e+11, -2.34552462e+10,  3.46048012e+10,
  4.71475009e+11, -1.33483456e+10, -1.80713146e+10,
 -2.93522947e+10,  1.45135217e+10,  7.37078702e+10,
 -1.14832927e+11, -3.74919366e+10,  5.62460671e+10,
  1.28607278e+10,  1.58627981e+10,  1.39109953e+09,
  6.54829989e+10, -1.54809527e+11,  6.03073752e+10,
  2.72049791e+10, -1.64835738e+11,  8.70817270e+10,
  7.82107092e+09,  3.97041316e+10, -2.00323766e+10,
 -8.46878019e+10, -4.14570852e+10, -1.09266562e+10,
  3.11000319e+10, -7.00384183e+09, -1.61733676e+10,
 -2.34552462e+10, -5.81619320e+10,  1.58763652e+10,
 -1.33483456e+10,  5.43964443e+11, -2.18084302e+11,
  1.45135217e+10,  5.26460008e+10, -5.83835892e+10,
 -3.74919366e+10, -2.25909250e+11,  1.58943725e+11,
 -3.42260328e+09,  1.39109953e+09,  6.48660713e+08,
 -5.87153835e+10,  6.03073752e+10, -1.08351528e+11,
 -3.64629550e+10,  8.70817270e+10, -1.41181432e+11,
 -2.50091494e+10, -2.00323766e+10,  6.03522660e+10,
  5.24221879e+10, -1.09266562e+10,  7.56292185e+10,
 -7.52995207e+10, -1.61733676e+10, -2.21556189e+10,
  3.46048012e+10,  1.58763652e+10, -6.56498964e+10,
 -1.80713146e+10, -2.18084302e+11,  5.09589329e+11,
  7.37078702e+10, -5.83835892e+10,  6.56005522e+10,
  5.62460671e+10,  1.58943725e+11, -3.74481552e+11,
 -4.09074006e+09,  1.31945069e+10, -5.53121731e+08,
  1.05412088e+10, -1.60852224e+10, -6.45089868e+08,
 -1.32369258e+11, -2.60041909e+10,  4.80507945e+10,
 -1.02342437e+11, -1.24141249e+10,  3.15730404e+10,
 -9.76062412e+09,  2.10558684e+09,  1.55381637e+09,
  3.47603416e+10,  6.05218426e+09, -6.19443687e+10,
 -1.49150887e+10, -9.40708368e+10,  5.51675595e+10,
 -2.93522947e+10,  1.45135217e+10,  7.37078702e+10,
  2.80044129e+11,  2.86641359e+10, -7.69453367e+10,
 -3.25152372e+10,  8.40444394e+10, -6.99651640e+10,
  1.31945069e+10,  1.10938371e+10,  5.75133822e+09,
 -1.60852224e+10,  2.20227238e+10, -1.05264992e+09,
 -2.60041909e+10, -1.77738439e+11,  1.05235964e+11,
 -1.24141249e+10, -1.15124311e+11,  8.04538311e+10,
  2.10558684e+09, -3.98284804e+10, -6.18361482e+09,
  6.05218426e+09,  2.23790298e+10, -2.80491949e+10,
 -9.40708368e+10, -4.94585896e+10, -6.92382137e+09,
  1.45135217e+10,  5.26460008e+10, -5.83835892e+10,
  2.86641359e+10,  4.36944208e+11, -1.65042473e+11,
  8.40444394e+10, -1.62935980e+11,  7.41942100e+10,
 -5.53121731e+08,  5.75133822e+09,  7.71963836e+09,
 -6.45089868e+08, -1.05264992e+09,  3.20090476e+08,
  4.80507945e+10,  1.05235964e+11, -2.76877324e+11,
  3.15730404e+10,  8.04538311e+10, -2.60578922e+11,
  1.55381637e+09, -6.18361482e+09, -1.20128555e+10,
 -6.19443687e+10, -2.80491949e+10, -1.10527585e+11,
  5.51675595e+10, -6.92382137e+09,  6.79135146e+10,
  7.37078702e+10, -5.83835892e+10,  6.56005522e+10,
 -7.69453367e+10, -1.65042473e+11,  5.85917235e+11,
 -6.99651640e+10,  7.41942100e+10, -6.74743444e+10,
  4.78944202e+10, -1.00638169e+10,  2.51932539e+10,
 -7.09299539e+10,  1.20403892e+10,  4.37527110e+10,
  4.00801042e+10, -1.34129942e+10,  1.17819438e+10,
 -4.04150843e+10, -8.47082802e+09,  7.59955177e+10,
  2.91400233e+10,  8.66070187e+09, -5.88248267e+10,
 -9.60622254e+10,  2.58599791e+10, -4.34791320e+10,
 -2.54167369e+11,  3.78282216e+10, -7.46585584e+10,
 -1.14832927e+11, -3.74919366e+10,  5.62460671e+10,
 -3.25152372e+10,  8.40444394e+10, -6.99651640e+10,
  4.91808250e+11, -9.89941555e+10,  3.39581876e+10,
 -1.00638169e+10,  1.11655945e+10, -3.90195315e+08,
  1.20403892e+10,  6.94402728e+09, -4.13745930e+10,
 -1.34129942e+10,  8.09330309e+10, -4.59591691e+10,
 -8.47082802e+09, -1.57692240e+10, -2.00855397e+10,
  8.66070187e+09,  3.76364782e+10, -2.63446422e+10,
  2.58599791e+10, -1.06581372e+11,  5.43896286e+10,
  3.78282216e+10, -2.31892124e+10, -1.57179843e+10,
 -3.74919366e+10, -2.25909250e+11,  1.58943725e+11,
  8.40444394e+10, -1.62935980e+11,  7.41942100e+10,
 -9.89941555e+10,  3.97705908e+11, -1.37655440e+11,
  2.51932539e+10, -3.90195315e+08,  3.84390694e+10,
  4.37527110e+10, -4.13745930e+10,  3.04892048e+10,
  1.17819438e+10, -4.59591691e+10,  9.43172444e+10,
  7.59955177e+10, -2.00855397e+10, -4.53217837e+10,
 -5.88248267e+10, -2.63446422e+10, -8.43941023e+10,
 -4.34791320e+10,  5.43896286e+10, -1.64801027e+11,
 -7.46585584e+10, -1.57179843e+10, -3.00813662e+10,
  5.62460671e+10,  1.58943725e+11, -3.74481552e+11,
 -6.99651640e+10,  7.41942100e+10, -6.74743444e+10,
  3.39581876e+10, -1.37655440e+11,  6.03308657e+11,
};

pylith::feassemble::ElasticityImplicitData3DQuadratic::ElasticityImplicitData3DQuadratic(void)
{ // constructor
  spaceDim = _spaceDim;
  cellDim = _cellDim;
  numVertices = _numVertices;
  numCells = _numCells;
  numBasis = _numBasis;
  numQuadPts = _numQuadPts;
  matType = const_cast<char*>(_matType);
  matDBFilename = const_cast<char*>(_matDBFilename);
  matId = _matId;
  matLabel = const_cast<char*>(_matLabel);
  dt = _dt;
  vertices = const_cast<double*>(_vertices);
  cells = const_cast<int*>(_cells);
  verticesRef = const_cast<double*>(_verticesRef);
  quadPts = const_cast<double*>(_quadPts);
  quadWts = const_cast<double*>(_quadWts);
  basis = const_cast<double*>(_basis);
  basisDerivRef = const_cast<double*>(_basisDerivRef);
  fieldTpdt = const_cast<double*>(_fieldTpdt);
  fieldT = const_cast<double*>(_fieldT);
  fieldTmdt = const_cast<double*>(_fieldTmdt);
  valsResidual = const_cast<double*>(_valsResidual);
  valsJacobian = const_cast<double*>(_valsJacobian);
} // constructor

pylith::feassemble::ElasticityImplicitData3DQuadratic::~ElasticityImplicitData3DQuadratic(void)
{}


// End of file
