// -*- C++ -*-
//
// ======================================================================
//
//                           Brad T. Aagaard
//                        U.S. Geological Survey
//
// {LicenseText}
//
// ======================================================================
//

// DO NOT EDIT THIS FILE
// This file was generated from python application elasticityimplicitgrav.

#include "ElasticityImplicitGravData2DLinear.hh"

const int pylith::feassemble::ElasticityImplicitGravData2DLinear::_spaceDim = 2;

const int pylith::feassemble::ElasticityImplicitGravData2DLinear::_cellDim = 2;

const int pylith::feassemble::ElasticityImplicitGravData2DLinear::_numVertices = 3;

const int pylith::feassemble::ElasticityImplicitGravData2DLinear::_numCells = 1;

const int pylith::feassemble::ElasticityImplicitGravData2DLinear::_numBasis = 3;

const int pylith::feassemble::ElasticityImplicitGravData2DLinear::_numQuadPts = 1;

const char* pylith::feassemble::ElasticityImplicitGravData2DLinear::_matType = "ElasticPlaneStrain";

const char* pylith::feassemble::ElasticityImplicitGravData2DLinear::_matDBFilename = "data/elasticplanestrain.spatialdb";

const int pylith::feassemble::ElasticityImplicitGravData2DLinear::_matId = 0;

const char* pylith::feassemble::ElasticityImplicitGravData2DLinear::_matLabel = "elastic strain 2-D";

const double pylith::feassemble::ElasticityImplicitGravData2DLinear::_dt =   1.00000000e-02;

const double pylith::feassemble::ElasticityImplicitGravData2DLinear::_gravityVec[] = {
  0.00000000e+00, -1.00000000e+08,
};

const double pylith::feassemble::ElasticityImplicitGravData2DLinear::_vertices[] = {
  2.00000000e-01, -4.00000000e-01,
  3.00000000e-01,  5.00000000e-01,
 -1.00000000e+00, -2.00000000e-01,
};

const int pylith::feassemble::ElasticityImplicitGravData2DLinear::_cells[] = {
0,1,2,
};

const double pylith::feassemble::ElasticityImplicitGravData2DLinear::_verticesRef[] = {
 -1.00000000e+00, -1.00000000e+00,
  1.00000000e+00, -1.00000000e+00,
 -1.00000000e+00,  1.00000000e+00,
};

const double pylith::feassemble::ElasticityImplicitGravData2DLinear::_quadPts[] = {
  3.33333333e-01,  3.33333333e-01,
};

const double pylith::feassemble::ElasticityImplicitGravData2DLinear::_quadWts[] = {
  5.00000000e-01,
};

const double pylith::feassemble::ElasticityImplicitGravData2DLinear::_basis[] = {
 -3.33333333e-01,  6.66666667e-01,
  6.66666667e-01,};

const double pylith::feassemble::ElasticityImplicitGravData2DLinear::_basisDerivRef[] = {
 -5.00000000e-01, -5.00000000e-01,
  5.00000000e-01,  0.00000000e+00,
  0.00000000e+00,  5.00000000e-01,
};

const double pylith::feassemble::ElasticityImplicitGravData2DLinear::_fieldTpdt[] = {
  1.30000000e+00, -9.00000000e-01,
  1.40000000e+00,  1.50000000e+00,
  5.00000000e-01, -9.00000000e-01,
};

const double pylith::feassemble::ElasticityImplicitGravData2DLinear::_fieldT[] = {
  1.60000000e+00, -8.00000000e-01,
  9.00000000e-01,  7.00000000e-01,
 -2.00000000e-01, -1.10000000e+00,
};

const double pylith::feassemble::ElasticityImplicitGravData2DLinear::_fieldTmdt[] = {
  8.00000000e-01,  1.00000000e-01,
  5.00000000e-01,  3.00000000e-01,
 -1.00000000e-01, -6.00000000e-01,
};

const double pylith::feassemble::ElasticityImplicitGravData2DLinear::_valsResidual[] = {
 -9.53153409e+09,  5.16253788e+10,
 -5.56704545e+09, -6.15251894e+10,
  1.50985795e+10, -2.44751894e+10,
};

const double pylith::feassemble::ElasticityImplicitGravData2DLinear::_valsJacobian[] = {
  1.08927557e+10, -6.13991477e+09,
 -3.99715909e+09,  1.83948864e+09,
 -6.89559659e+09,  4.30042614e+09,
 -6.13991477e+09,  1.89893466e+10,
  2.07386364e+09, -1.54673295e+10,
  4.06605114e+09, -3.52201705e+09,
 -3.99715909e+09,  2.07386364e+09,
  5.42045455e+09,  1.61931818e+09,
 -1.42329545e+09, -3.69318182e+09,
  1.83948864e+09, -1.54673295e+10,
  1.61931818e+09,  1.48664773e+10,
 -3.45880682e+09,  6.00852273e+08,
 -6.89559659e+09,  4.06605114e+09,
 -1.42329545e+09, -3.45880682e+09,
  8.31889205e+09, -6.07244318e+08,
  4.30042614e+09, -3.52201705e+09,
 -3.69318182e+09,  6.00852273e+08,
 -6.07244318e+08,  2.92116477e+09,
};

pylith::feassemble::ElasticityImplicitGravData2DLinear::ElasticityImplicitGravData2DLinear(void)
{ // constructor
  spaceDim = _spaceDim;
  cellDim = _cellDim;
  numVertices = _numVertices;
  numCells = _numCells;
  numBasis = _numBasis;
  numQuadPts = _numQuadPts;
  matType = const_cast<char*>(_matType);
  matDBFilename = const_cast<char*>(_matDBFilename);
  matId = _matId;
  matLabel = const_cast<char*>(_matLabel);
  dt = _dt;
  gravityVec = const_cast<double*>(_gravityVec);
  vertices = const_cast<double*>(_vertices);
  cells = const_cast<int*>(_cells);
  verticesRef = const_cast<double*>(_verticesRef);
  quadPts = const_cast<double*>(_quadPts);
  quadWts = const_cast<double*>(_quadWts);
  basis = const_cast<double*>(_basis);
  basisDerivRef = const_cast<double*>(_basisDerivRef);
  fieldTpdt = const_cast<double*>(_fieldTpdt);
  fieldT = const_cast<double*>(_fieldT);
  fieldTmdt = const_cast<double*>(_fieldTmdt);
  valsResidual = const_cast<double*>(_valsResidual);
  valsJacobian = const_cast<double*>(_valsJacobian);
} // constructor

pylith::feassemble::ElasticityImplicitGravData2DLinear::~ElasticityImplicitGravData2DLinear(void)
{}


// End of file
