// -*- C++ -*-
//
// ======================================================================
//
//                           Brad T. Aagaard
//                        U.S. Geological Survey
//
// {LicenseText}
//
// ======================================================================
//

// DO NOT EDIT THIS FILE
// This file was generated from python application elasticityimplicit.

#include "ElasticityImplicitData3DQuadratic.hh"

const int pylith::feassemble::ElasticityImplicitData3DQuadratic::_spaceDim = 3;

const int pylith::feassemble::ElasticityImplicitData3DQuadratic::_cellDim = 3;

const int pylith::feassemble::ElasticityImplicitData3DQuadratic::_numVertices = 10;

const int pylith::feassemble::ElasticityImplicitData3DQuadratic::_numCells = 1;

const int pylith::feassemble::ElasticityImplicitData3DQuadratic::_numBasis = 10;

const int pylith::feassemble::ElasticityImplicitData3DQuadratic::_numQuadPts = 4;

const char* pylith::feassemble::ElasticityImplicitData3DQuadratic::_matType = "ElasticIsotropic3D";

const char* pylith::feassemble::ElasticityImplicitData3DQuadratic::_matDBFilename = "data/elasticisotropic3d.spatialdb";

const int pylith::feassemble::ElasticityImplicitData3DQuadratic::_matId = 0;

const char* pylith::feassemble::ElasticityImplicitData3DQuadratic::_matLabel = "elastic isotropic 3-D";

const double pylith::feassemble::ElasticityImplicitData3DQuadratic::_dt =   1.00000000e-02;

const double pylith::feassemble::ElasticityImplicitData3DQuadratic::_vertices[] = {
 -5.00000000e-01, -2.00000000e+00, -1.00000000e+00,
  2.00000000e+00, -2.00000000e+00, -5.00000000e-01,
  1.00000000e+00,  1.00000000e+00,  0.00000000e+00,
  2.00000000e-01,  5.00000000e-01,  2.00000000e+00,
  7.00000000e-01, -2.10000000e+00, -8.00000000e-01,
  3.00000000e-01, -5.00000000e-01, -5.00000000e-01,
 -2.00000000e-01, -8.00000000e-01,  5.00000000e-01,
  1.50000000e+00, -6.00000000e-01, -2.00000000e-01,
  6.00000000e-01,  8.00000000e-01,  9.00000000e-01,
  1.10000000e+00, -8.00000000e-01,  7.00000000e-01,
};

const int pylith::feassemble::ElasticityImplicitData3DQuadratic::_cells[] = {
0,1,2,3,4,5,6,7,8,9,
};

const double pylith::feassemble::ElasticityImplicitData3DQuadratic::_quadPts[] = {
  8.33333333e-02,  8.33333333e-02,  8.33333333e-02,
  7.50000000e-01,  8.33333333e-02,  8.33333333e-02,
  8.33333333e-02,  7.50000000e-01,  8.33333333e-02,
  8.33333333e-02,  8.33333333e-02,  7.50000000e-01,
};

const double pylith::feassemble::ElasticityImplicitData3DQuadratic::_quadWts[] = {
  1.25000000e-01,  1.25000000e-01,  1.25000000e-01,  1.25000000e-01,
};

const double pylith::feassemble::ElasticityImplicitData3DQuadratic::_basis[] = {
  3.75000000e-01, -6.94444444e-02, -6.94444444e-02,
 -6.94444444e-02,  2.50000000e-01,  2.50000000e-01,
  2.50000000e-01,  2.77777778e-02,  2.77777778e-02,
  2.77777778e-02, -6.94444444e-02,  3.75000000e-01,
 -6.94444444e-02, -6.94444444e-02,  2.50000000e-01,
  2.77777778e-02,  2.77777778e-02,  2.50000000e-01,
  2.77777778e-02,  2.50000000e-01, -6.94444444e-02,
 -6.94444444e-02,  3.75000000e-01, -6.94444444e-02,
  2.77777778e-02,  2.50000000e-01,  2.77777778e-02,
  2.50000000e-01,  2.50000000e-01,  2.77777778e-02,
 -6.94444444e-02, -6.94444444e-02, -6.94444444e-02,
  3.75000000e-01,  2.77777778e-02,  2.77777778e-02,
  2.50000000e-01,  2.77777778e-02,  2.50000000e-01,
  2.50000000e-01,};

const double pylith::feassemble::ElasticityImplicitData3DQuadratic::_basisDeriv[] = {
 -2.00000000e+00, -2.00000000e+00, -2.00000000e+00,
 -6.66666667e-01,  0.00000000e+00,  0.00000000e+00,
  0.00000000e+00, -6.66666667e-01,  0.00000000e+00,
  0.00000000e+00,  0.00000000e+00, -6.66666667e-01,
  2.66666667e+00, -3.33333333e-01, -3.33333333e-01,
 -3.33333333e-01,  2.66666667e+00, -3.33333333e-01,
 -3.33333333e-01, -3.33333333e-01,  2.66666667e+00,
  3.33333333e-01,  3.33333333e-01,  0.00000000e+00,
  0.00000000e+00,  3.33333333e-01,  3.33333333e-01,
  3.33333333e-01,  0.00000000e+00,  3.33333333e-01,
  6.66666667e-01,  6.66666667e-01,  6.66666667e-01,
  2.00000000e+00,  0.00000000e+00,  0.00000000e+00,
  0.00000000e+00, -6.66666667e-01,  0.00000000e+00,
  0.00000000e+00,  0.00000000e+00, -6.66666667e-01,
 -2.66666667e+00, -3.00000000e+00, -3.00000000e+00,
 -3.33333333e-01,  1.11022302e-16, -3.33333333e-01,
 -3.33333333e-01, -3.33333333e-01,  1.11022302e-16,
  3.33333333e-01,  3.00000000e+00,  0.00000000e+00,
  0.00000000e+00,  3.33333333e-01,  3.33333333e-01,
  3.33333333e-01,  0.00000000e+00,  3.00000000e+00,
  6.66666667e-01,  6.66666667e-01,  6.66666667e-01,
 -6.66666667e-01,  0.00000000e+00,  0.00000000e+00,
  0.00000000e+00,  2.00000000e+00,  0.00000000e+00,
  0.00000000e+00,  0.00000000e+00, -6.66666667e-01,
  1.11022302e-16, -3.33333333e-01, -3.33333333e-01,
 -3.00000000e+00, -2.66666667e+00, -3.00000000e+00,
 -3.33333333e-01, -3.33333333e-01, -1.11022302e-16,
  3.00000000e+00,  3.33333333e-01,  0.00000000e+00,
  0.00000000e+00,  3.33333333e-01,  3.00000000e+00,
  3.33333333e-01,  0.00000000e+00,  3.33333333e-01,
  6.66666667e-01,  6.66666667e-01,  6.66666667e-01,
 -6.66666667e-01,  0.00000000e+00,  0.00000000e+00,
  0.00000000e+00, -6.66666667e-01,  0.00000000e+00,
  0.00000000e+00,  0.00000000e+00,  2.00000000e+00,
 -1.11022302e-16, -3.33333333e-01, -3.33333333e-01,
 -3.33333333e-01, -1.11022302e-16, -3.33333333e-01,
 -3.00000000e+00, -3.00000000e+00, -2.66666667e+00,
  3.33333333e-01,  3.33333333e-01,  0.00000000e+00,
  0.00000000e+00,  3.00000000e+00,  3.33333333e-01,
  3.00000000e+00,  0.00000000e+00,  3.33333333e-01,
};

const double pylith::feassemble::ElasticityImplicitData3DQuadratic::_fieldTpdt[] = {
  3.00000000e-01, -4.00000000e-01, -4.00000000e-01,
 -6.00000000e-01,  8.00000000e-01,  2.00000000e-01,
  5.00000000e-01,  5.00000000e-01,  7.00000000e-01,
 -7.00000000e-01, -5.00000000e-01, -7.00000000e-01,
 -6.00000000e-01, -3.00000000e-01,  8.00000000e-01,
 -4.00000000e-01, -8.00000000e-01, -5.00000000e-01,
  7.00000000e-01,  8.00000000e-01, -5.00000000e-01,
 -5.00000000e-01, -5.00000000e-01, -7.00000000e-01,
 -3.00000000e-01, -9.00000000e-01,  8.00000000e-01,
 -1.00000000e-01,  5.00000000e-01, -9.00000000e-01,
};

const double pylith::feassemble::ElasticityImplicitData3DQuadratic::_fieldT[] = {
  1.00000000e-01, -2.00000000e-01, -6.00000000e-01,
 -3.00000000e-01,  4.00000000e-01,  9.00000000e-01,
  6.00000000e-01,  8.00000000e-01,  5.00000000e-01,
 -8.00000000e-01, -6.00000000e-01, -8.00000000e-01,
 -0.00000000e+00, -2.00000000e-01,  6.00000000e-01,
 -4.00000000e-01, -7.00000000e-01, -2.00000000e-01,
  7.00000000e-01,  6.00000000e-01, -1.00000000e-01,
 -4.00000000e-01, -3.00000000e-01, -3.00000000e-01,
 -7.00000000e-01, -6.00000000e-01,  1.00000000e-01,
 -9.00000000e-01,  3.00000000e-01, -8.00000000e-01,
};

const double pylith::feassemble::ElasticityImplicitData3DQuadratic::_fieldTmdt[] = {
  2.00000000e-01, -3.00000000e-01, -4.00000000e-01,
 -6.00000000e-01,  2.00000000e-01,  3.00000000e-01,
  5.00000000e-01,  2.00000000e-01,  5.00000000e-01,
 -3.00000000e-01, -6.00000000e-01, -3.00000000e-01,
 -5.00000000e-01, -9.00000000e-01,  4.00000000e-01,
 -3.00000000e-01, -6.00000000e-01, -8.00000000e-01,
  9.00000000e-01,  5.00000000e-01, -2.00000000e-01,
 -7.00000000e-01, -3.00000000e-01, -3.00000000e-01,
 -5.00000000e-01, -8.00000000e-01,  4.00000000e-01,
 -4.00000000e-01,  5.00000000e-01, -8.00000000e-01,
};

const double pylith::feassemble::ElasticityImplicitData3DQuadratic::_valsResidual[] = {
  1.37302827e+12,  3.59474617e+11,  2.01771825e+12,
 -1.31076938e+11, -1.24488420e+11,  7.73353086e+09,
 -3.68697654e+11, -2.72246232e+12, -1.48102395e+11,
  5.48027062e+11,  3.15720222e+11,  2.06778262e+12,
 -1.21553814e+12, -2.00599957e+12, -3.41367532e+12,
 -1.41822963e+11,  2.78297909e+12, -2.96592593e+11,
 -6.77812870e+12, -6.14554194e+12, -4.48612599e+12,
  4.50985444e+11,  1.95704638e+12,  3.90063222e+11,
  9.75448605e+11,  4.73812614e+12,  2.71904605e+11,
  5.28777501e+12,  8.45145802e+11,  3.58929407e+12,
};

const double pylith::feassemble::ElasticityImplicitData3DQuadratic::_valsJacobian[] = {
  1.41147259e+12,  5.29302222e+11,  5.29302222e+11,
  3.09597037e+11,  5.15995062e+10,  5.15995062e+10,
  5.22760494e+10,  1.04552099e+11,  0.00000000e+00,
  7.25585185e+10,  0.00000000e+00,  1.45117037e+11,
 -1.46768938e+12, -3.27521481e+11, -3.27521481e+11,
 -5.81653580e+11, -5.07840741e+11, -1.51261481e+11,
 -7.43913333e+11, -2.12108889e+11, -5.68688148e+11,
  3.52266914e+11,  1.49908395e+11,  5.04204938e+10,
  1.21123457e+11,  1.41405926e+11,  1.00840988e+11,
  4.73961728e+11,  7.07029630e+10,  1.70190864e+11,
  5.29302222e+11,  1.41147259e+12,  5.29302222e+11,
  1.03199012e+11,  5.15995062e+10,  0.00000000e+00,
  5.22760494e+10,  3.13656296e+11,  5.22760494e+10,
  0.00000000e+00,  7.25585185e+10,  1.45117037e+11,
 -5.05811111e+11, -5.76241235e+11, -1.49231852e+11,
 -3.29551111e+11, -1.47310173e+12, -3.29551111e+11,
 -2.12108889e+11, -7.43913333e+11, -5.68688148e+11,
  1.50584938e+11,  3.48884198e+11,  4.97439506e+10,
  7.07029630e+10,  4.74638272e+11,  1.71543951e+11,
  1.41405926e+11,  1.20446914e+11,  9.94879012e+10,
  5.29302222e+11,  5.29302222e+11,  1.41147259e+12,
  1.03199012e+11,  0.00000000e+00,  5.15995062e+10,
  0.00000000e+00,  1.04552099e+11,  5.22760494e+10,
  7.25585185e+10,  7.25585185e+10,  4.35351111e+11,
 -5.05811111e+11, -1.49231852e+11, -5.76241235e+11,
 -1.51261481e+11, -5.07840741e+11, -5.81653580e+11,
 -3.90398519e+11, -3.90398519e+11, -1.63536148e+12,
  1.00840988e+11,  9.94879012e+10,  1.00164444e+11,
  5.04204938e+10,  1.91826420e+11,  3.73225926e+11,
  1.91149877e+11,  4.97439506e+10,  3.69166667e+11,
  3.09597037e+11,  1.03199012e+11,  1.03199012e+11,
  9.52269630e+11,  0.00000000e+00,  0.00000000e+00,
  0.00000000e+00, -8.68296296e+10,  0.00000000e+00,
  0.00000000e+00,  0.00000000e+00, -1.27394568e+11,
 -1.26186667e+12, -2.94550617e+11, -2.94550617e+11,
  3.29106667e+11, -1.63693827e+10,  1.09702222e+11,
  4.50801481e+11,  1.50267160e+11,  2.41955556e+10,
 -3.29106667e+11,  2.94550617e+11,  0.00000000e+00,
  0.00000000e+00, -1.50267160e+11, -1.09702222e+11,
 -4.50801481e+11,  0.00000000e+00,  2.94550617e+11,
  5.15995062e+10,  5.15995062e+10,  0.00000000e+00,
  0.00000000e+00,  1.58711605e+11,  0.00000000e+00,
 -4.34148148e+10,  0.00000000e+00,  0.00000000e+00,
  0.00000000e+00,  0.00000000e+00,  0.00000000e+00,
 -1.47275309e+11, -2.10311111e+11,  0.00000000e+00,
 -8.18469136e+09,  5.48511111e+10,  0.00000000e+00,
  7.51335802e+10,  7.51335802e+10,  0.00000000e+00,
  1.47275309e+11, -5.48511111e+10,  0.00000000e+00,
 -7.51335802e+10,  0.00000000e+00,  0.00000000e+00,
  0.00000000e+00, -7.51335802e+10,  0.00000000e+00,
  5.15995062e+10,  0.00000000e+00,  5.15995062e+10,
  0.00000000e+00,  0.00000000e+00,  1.58711605e+11,
  0.00000000e+00,  0.00000000e+00,  0.00000000e+00,
 -6.36972840e+10,  0.00000000e+00,  0.00000000e+00,
 -1.47275309e+11,  0.00000000e+00, -2.10311111e+11,
  5.48511111e+10,  0.00000000e+00,  5.48511111e+10,
  1.20977778e+10,  0.00000000e+00,  7.51335802e+10,
  0.00000000e+00,  0.00000000e+00, -5.48511111e+10,
 -5.48511111e+10,  0.00000000e+00,  0.00000000e+00,
  1.47275309e+11,  0.00000000e+00, -7.51335802e+10,
  5.22760494e+10,  5.22760494e+10,  0.00000000e+00,
  0.00000000e+00, -4.34148148e+10,  0.00000000e+00,
  1.60064691e+11,  0.00000000e+00,  0.00000000e+00,
  0.00000000e+00,  0.00000000e+00,  0.00000000e+00,
  5.38362963e+10, -8.86123457e+09,  0.00000000e+00,
 -2.12340741e+11, -1.49643210e+11,  0.00000000e+00,
  7.47953086e+10,  7.47953086e+10,  0.00000000e+00,
 -5.38362963e+10,  1.49643210e+11,  0.00000000e+00,
 -7.47953086e+10,  0.00000000e+00,  0.00000000e+00,
  0.00000000e+00, -7.47953086e+10,  0.00000000e+00,
  1.04552099e+11,  3.13656296e+11,  1.04552099e+11,
 -8.68296296e+10,  0.00000000e+00,  0.00000000e+00,
  0.00000000e+00,  9.60388148e+11,  0.00000000e+00,
  0.00000000e+00,  0.00000000e+00, -1.28747654e+11,
 -1.77224691e+10,  3.23017778e+11,  1.07672593e+11,
 -2.99286420e+11, -1.27404444e+12, -2.99286420e+11,
  1.49590617e+11,  4.48771852e+11,  2.41955556e+10,
  2.99286420e+11, -3.23017778e+11,  0.00000000e+00,
  0.00000000e+00, -4.48771852e+11,  2.99286420e+11,
 -1.49590617e+11,  0.00000000e+00, -1.07672593e+11,
  0.00000000e+00,  5.22760494e+10,  5.22760494e+10,
  0.00000000e+00,  0.00000000e+00,  0.00000000e+00,
  0.00000000e+00,  0.00000000e+00,  1.60064691e+11,
  0.00000000e+00, -6.43738272e+10,  0.00000000e+00,
  0.00000000e+00,  5.38362963e+10,  5.38362963e+10,
  0.00000000e+00, -1.49643210e+11, -2.12340741e+11,
  0.00000000e+00,  1.20977778e+10,  7.47953086e+10,
  0.00000000e+00,  0.00000000e+00, -5.38362963e+10,
  0.00000000e+00,  1.49643210e+11, -7.47953086e+10,
  0.00000000e+00, -5.38362963e+10,  0.00000000e+00,
  7.25585185e+10,  0.00000000e+00,  7.25585185e+10,
  0.00000000e+00,  0.00000000e+00, -6.36972840e+10,
  0.00000000e+00,  0.00000000e+00,  0.00000000e+00,
  2.00629630e+11,  0.00000000e+00,  0.00000000e+00,
  4.36950617e+10,  0.00000000e+00, -8.86123457e+09,
  4.43716049e+10,  0.00000000e+00,  4.43716049e+10,
 -2.73188148e+11,  0.00000000e+00, -2.20631852e+11,
  0.00000000e+00,  0.00000000e+00, -4.43716049e+10,
 -4.43716049e+10,  0.00000000e+00,  0.00000000e+00,
 -4.36950617e+10,  0.00000000e+00,  2.20631852e+11,
  0.00000000e+00,  7.25585185e+10,  7.25585185e+10,
  0.00000000e+00,  0.00000000e+00,  0.00000000e+00,
  0.00000000e+00,  0.00000000e+00, -6.43738272e+10,
  0.00000000e+00,  2.00629630e+11,  0.00000000e+00,
  0.00000000e+00,  4.36950617e+10,  4.36950617e+10,
  0.00000000e+00,  4.43716049e+10, -8.18469136e+09,
  0.00000000e+00, -2.73188148e+11, -2.20631852e+11,
  0.00000000e+00,  0.00000000e+00, -4.36950617e+10,
  0.00000000e+00, -4.43716049e+10,  2.20631852e+11,
  0.00000000e+00, -4.36950617e+10,  0.00000000e+00,
  1.45117037e+11,  1.45117037e+11,  4.35351111e+11,
 -1.27394568e+11,  0.00000000e+00,  0.00000000e+00,
  0.00000000e+00, -1.28747654e+11,  0.00000000e+00,
  0.00000000e+00,  0.00000000e+00,  1.20377778e+12,
 -1.77224691e+10,  8.73901235e+10,  2.62170370e+11,
  8.87432099e+10, -1.63693827e+10,  2.66229630e+11,
 -4.41263704e+11, -4.41263704e+11, -1.63912889e+12,
 -8.87432099e+10, -8.73901235e+10,  0.00000000e+00,
  0.00000000e+00,  4.41263704e+11, -2.66229630e+11,
  4.41263704e+11,  0.00000000e+00, -2.62170370e+11,
 -1.46768938e+12, -5.05811111e+11, -5.05811111e+11,
 -1.26186667e+12, -1.47275309e+11, -1.47275309e+11,
  5.38362963e+10, -1.77224691e+10,  0.00000000e+00,
  4.36950617e+10,  0.00000000e+00, -1.77224691e+10,
  3.16268617e+12,  5.91057778e+11,  5.91057778e+11,
  3.45213580e+10,  5.38987037e+11,  5.63361728e+10,
  5.48038272e+10,  6.64774074e+10,  5.49128272e+11,
 -2.39725309e+11, -4.59235926e+11, -6.51974074e+10,
 -1.40536049e+11,  8.86123457e+09,  8.86123457e+09,
 -2.39725309e+11, -7.53386420e+10, -4.69377160e+11,
 -3.27521481e+11, -5.76241235e+11, -1.49231852e+11,
 -2.94550617e+11, -2.10311111e+11,  0.00000000e+00,
 -8.86123457e+09,  3.23017778e+11,  5.38362963e+10,
  0.00000000e+00,  4.36950617e+10,  8.73901235e+10,
  5.91057778e+11,  2.30250778e+12,  7.98927037e+11,
  3.67289630e+11,  3.62127160e+10,  1.26302469e+11,
  1.46246667e+11,  4.53650123e+11,  8.74364198e+10,
 -3.27414074e+11, -1.59342346e+12, -2.66309012e+11,
  4.43061728e+09, -5.17229259e+11, -2.05733457e+11,
 -1.50677284e+11, -2.61878395e+11, -5.32618025e+11,
 -3.27521481e+11, -1.49231852e+11, -5.76241235e+11,
 -2.94550617e+11,  0.00000000e+00, -2.10311111e+11,
  0.00000000e+00,  1.07672593e+11,  5.38362963e+10,
 -8.86123457e+09,  4.36950617e+10,  2.62170370e+11,
  5.91057778e+11,  7.98927037e+11,  2.30250778e+12,
  1.25964198e+11,  5.70127160e+10,  3.82661481e+11,
  3.87572099e+11,  1.56726173e+11,  1.07201358e+11,
 -1.30394815e+11, -5.32618025e+11, -2.61878395e+11,
  4.43061728e+09, -2.15874691e+11, -4.66523086e+11,
 -3.47696543e+11, -2.66309012e+11, -1.59342346e+12,
 -5.81653580e+11, -3.29551111e+11, -1.51261481e+11,
  3.29106667e+11, -8.18469136e+09,  5.48511111e+10,
 -2.12340741e+11, -2.99286420e+11,  0.00000000e+00,
  4.43716049e+10,  0.00000000e+00,  8.87432099e+10,
  3.45213580e+10,  3.67289630e+11,  1.25964198e+11,
  2.32889296e+12,  6.00191111e+11,  8.09075185e+11,
  4.56018025e+11,  1.47261481e+11,  8.77746914e+10,
 -1.61405802e+12, -3.30458519e+11, -2.69691728e+11,
 -2.65599383e+11, -1.51353827e+11, -5.39383457e+11,
 -5.19258889e+11,  4.09234568e+09, -2.06071728e+11,
 -5.07840741e+11, -1.47310173e+12, -5.07840741e+11,
 -1.63693827e+10,  5.48511111e+10,  0.00000000e+00,
 -1.49643210e+11, -1.27404444e+12, -1.49643210e+11,
  0.00000000e+00,  4.43716049e+10, -1.63693827e+10,
  5.38987037e+11,  3.62127160e+10,  5.70127160e+10,
  6.00191111e+11,  3.18568864e+12,  6.00191111e+11,
  6.74922222e+10,  5.71717284e+10,  5.49466543e+11,
 -4.65324815e+11, -2.45137654e+11, -6.51974074e+10,
 -7.56769136e+10, -2.45137654e+11, -4.75804321e+11,
  8.18469136e+09, -1.40874321e+11,  8.18469136e+09,
 -1.51261481e+11, -3.29551111e+11, -5.81653580e+11,
  1.09702222e+11,  0.00000000e+00,  5.48511111e+10,
  0.00000000e+00, -2.99286420e+11, -2.12340741e+11,
  4.43716049e+10, -8.18469136e+09,  2.66229630e+11,
  5.63361728e+10,  1.26302469e+11,  3.82661481e+11,
  8.09075185e+11,  6.00191111e+11,  2.32889296e+12,
  1.57402716e+11,  3.88248642e+11,  1.07877901e+11,
 -5.39383457e+11, -1.30394815e+11, -2.65599383e+11,
 -2.69691728e+11, -3.51417531e+11, -1.61405802e+12,
 -2.16551235e+11,  4.09234568e+09, -4.66861358e+11,
 -7.43913333e+11, -2.12108889e+11, -3.90398519e+11,
  4.50801481e+11,  7.51335802e+10,  1.20977778e+10,
  7.47953086e+10,  1.49590617e+11,  0.00000000e+00,
 -2.73188148e+11,  0.00000000e+00, -4.41263704e+11,
  5.48038272e+10,  1.46246667e+11,  3.87572099e+11,
  4.56018025e+11,  6.74922222e+10,  1.57402716e+11,
  3.11990926e+12,  1.11331222e+12,  8.74004444e+11,
 -5.29400123e+11, -2.26354198e+11, -6.04888889e+09,
 -3.77152963e+11, -7.42208148e+11, -1.51353827e+11,
 -2.23267333e+12, -3.71104074e+11, -4.42012099e+11,
 -2.12108889e+11, -7.43913333e+11, -3.90398519e+11,
  1.50267160e+11,  7.51335802e+10,  0.00000000e+00,
  7.47953086e+10,  4.48771852e+11,  1.20977778e+10,
  0.00000000e+00, -2.73188148e+11, -4.41263704e+11,
  6.64774074e+10,  4.53650123e+11,  1.56726173e+11,
  1.47261481e+11,  5.71717284e+10,  3.88248642e+11,
  1.11331222e+12,  3.11990926e+12,  8.74004444e+11,
 -2.26692469e+11, -5.27708765e+11, -6.04888889e+09,
 -3.71104074e+11, -2.23267333e+12, -4.42688642e+11,
 -7.42208148e+11, -3.77152963e+11, -1.50677284e+11,
 -5.68688148e+11, -5.68688148e+11, -1.63536148e+12,
  2.41955556e+10,  0.00000000e+00,  7.51335802e+10,
  0.00000000e+00,  2.41955556e+10,  7.47953086e+10,
 -2.20631852e+11, -2.20631852e+11, -1.63912889e+12,
  5.49128272e+11,  8.74364198e+10,  1.07201358e+11,
  8.77746914e+10,  5.49466543e+11,  1.07877901e+11,
  8.74004444e+11,  8.74004444e+11,  3.87529259e+12,
 -1.20977778e+10, -1.20977778e+10, -1.51015556e+11,
 -7.56769136e+10, -6.58346543e+11, -4.07397407e+11,
 -6.58008272e+11, -7.53386420e+10, -4.07397407e+11,
  3.52266914e+11,  1.50584938e+11,  1.00840988e+11,
 -3.29106667e+11,  1.47275309e+11,  0.00000000e+00,
 -5.38362963e+10,  2.99286420e+11,  0.00000000e+00,
  0.00000000e+00,  0.00000000e+00, -8.87432099e+10,
 -2.39725309e+11, -3.27414074e+11, -1.30394815e+11,
 -1.61405802e+12, -4.65324815e+11, -5.39383457e+11,
 -5.29400123e+11, -2.26692469e+11, -1.20977778e+10,
  1.88445938e+12,  1.95592222e+11,  0.00000000e+00,
  7.53386420e+10,  1.51353827e+11,  5.39383457e+11,
  4.54061481e+11,  7.53386420e+10,  1.30394815e+11,
  1.49908395e+11,  3.48884198e+11,  9.94879012e+10,
  2.94550617e+11, -5.48511111e+10,  0.00000000e+00,
  1.49643210e+11, -3.23017778e+11,  0.00000000e+00,
  0.00000000e+00,  0.00000000e+00, -8.73901235e+10,
 -4.59235926e+11, -1.59342346e+12, -5.32618025e+11,
 -3.30458519e+11, -2.45137654e+11, -1.30394815e+11,
 -2.26354198e+11, -5.27708765e+11, -1.20977778e+10,
  1.95592222e+11,  1.86754580e+12,  0.00000000e+00,
  7.56769136e+10,  4.52031852e+11,  1.30394815e+11,
  1.50677284e+11,  7.56769136e+10,  5.32618025e+11,
  5.04204938e+10,  4.97439506e+10,  1.00164444e+11,
  0.00000000e+00,  0.00000000e+00, -5.48511111e+10,
  0.00000000e+00,  0.00000000e+00, -5.38362963e+10,
 -4.43716049e+10, -4.36950617e+10,  0.00000000e+00,
 -6.51974074e+10, -2.66309012e+11, -2.61878395e+11,
 -2.69691728e+11, -6.51974074e+10, -2.65599383e+11,
 -6.04888889e+09, -6.04888889e+09, -1.51015556e+11,
  0.00000000e+00,  0.00000000e+00,  5.36000741e+11,
  2.69691728e+11,  6.51974074e+10,  7.53386420e+10,
  6.51974074e+10,  2.66309012e+11,  7.56769136e+10,
  1.21123457e+11,  7.07029630e+10,  5.04204938e+10,
  0.00000000e+00, -7.51335802e+10, -5.48511111e+10,
 -7.47953086e+10,  0.00000000e+00,  0.00000000e+00,
 -4.43716049e+10,  0.00000000e+00,  0.00000000e+00,
 -1.40536049e+11,  4.43061728e+09,  4.43061728e+09,
 -2.65599383e+11, -7.56769136e+10, -2.69691728e+11,
 -3.77152963e+11, -3.71104074e+11, -7.56769136e+10,
  7.53386420e+10,  7.56769136e+10,  2.69691728e+11,
  6.40795802e+11,  0.00000000e+00,  0.00000000e+00,
  6.51974074e+10,  3.71104074e+11,  7.56769136e+10,
  1.41405926e+11,  4.74638272e+11,  1.91826420e+11,
 -1.50267160e+11,  0.00000000e+00,  0.00000000e+00,
  0.00000000e+00, -4.48771852e+11,  1.49643210e+11,
  0.00000000e+00, -4.43716049e+10,  4.41263704e+11,
  8.86123457e+09, -5.17229259e+11, -2.15874691e+11,
 -1.51353827e+11, -2.45137654e+11, -3.51417531e+11,
 -7.42208148e+11, -2.23267333e+12, -6.58346543e+11,
  1.51353827e+11,  4.52031852e+11,  6.51974074e+10,
  0.00000000e+00,  2.49631617e+12,  2.27030741e+11,
  7.42208148e+11,  6.51974074e+10,  1.50677284e+11,
  1.00840988e+11,  1.71543951e+11,  3.73225926e+11,
 -1.09702222e+11,  0.00000000e+00,  0.00000000e+00,
  0.00000000e+00,  2.99286420e+11, -7.47953086e+10,
  0.00000000e+00,  2.20631852e+11, -2.66229630e+11,
  8.86123457e+09, -2.05733457e+11, -4.66523086e+11,
 -5.39383457e+11, -4.75804321e+11, -1.61405802e+12,
 -1.51353827e+11, -4.42688642e+11, -4.07397407e+11,
  5.39383457e+11,  1.30394815e+11,  7.53386420e+10,
  0.00000000e+00,  2.27030741e+11,  1.98925444e+12,
  1.51353827e+11,  7.53386420e+10,  3.91184444e+11,
  4.73961728e+11,  1.41405926e+11,  1.91149877e+11,
 -4.50801481e+11,  0.00000000e+00,  1.47275309e+11,
  0.00000000e+00, -1.49590617e+11,  0.00000000e+00,
 -4.36950617e+10,  0.00000000e+00,  4.41263704e+11,
 -2.39725309e+11, -1.50677284e+11, -3.47696543e+11,
 -5.19258889e+11,  8.18469136e+09, -2.16551235e+11,
 -2.23267333e+12, -7.42208148e+11, -6.58008272e+11,
  4.54061481e+11,  1.50677284e+11,  6.51974074e+10,
  6.51974074e+10,  7.42208148e+11,  1.51353827e+11,
  2.49293346e+12,  0.00000000e+00,  2.26015926e+11,
  7.07029630e+10,  1.20446914e+11,  4.97439506e+10,
  0.00000000e+00, -7.51335802e+10,  0.00000000e+00,
 -7.47953086e+10,  0.00000000e+00, -5.38362963e+10,
  0.00000000e+00, -4.36950617e+10,  0.00000000e+00,
 -7.53386420e+10, -2.61878395e+11, -2.66309012e+11,
  4.09234568e+09, -1.40874321e+11,  4.09234568e+09,
 -3.71104074e+11, -3.77152963e+11, -7.53386420e+10,
  7.53386420e+10,  7.56769136e+10,  2.66309012e+11,
  3.71104074e+11,  6.51974074e+10,  7.53386420e+10,
  0.00000000e+00,  6.37413086e+11,  0.00000000e+00,
  1.70190864e+11,  9.94879012e+10,  3.69166667e+11,
  2.94550617e+11,  0.00000000e+00, -7.51335802e+10,
  0.00000000e+00, -1.07672593e+11,  0.00000000e+00,
  2.20631852e+11,  0.00000000e+00, -2.62170370e+11,
 -4.69377160e+11, -5.32618025e+11, -1.59342346e+12,
 -2.06071728e+11,  8.18469136e+09, -4.66861358e+11,
 -4.42012099e+11, -1.50677284e+11, -4.07397407e+11,
  1.30394815e+11,  5.32618025e+11,  7.56769136e+10,
  7.56769136e+10,  1.50677284e+11,  3.91184444e+11,
  2.26015926e+11,  0.00000000e+00,  1.96895815e+12,
};

pylith::feassemble::ElasticityImplicitData3DQuadratic::ElasticityImplicitData3DQuadratic(void)
{ // constructor
  spaceDim = _spaceDim;
  cellDim = _cellDim;
  numVertices = _numVertices;
  numCells = _numCells;
  numBasis = _numBasis;
  numQuadPts = _numQuadPts;
  matType = const_cast<char*>(_matType);
  matDBFilename = const_cast<char*>(_matDBFilename);
  matId = _matId;
  matLabel = const_cast<char*>(_matLabel);
  dt = _dt;
  vertices = const_cast<double*>(_vertices);
  cells = const_cast<int*>(_cells);
  quadPts = const_cast<double*>(_quadPts);
  quadWts = const_cast<double*>(_quadWts);
  basis = const_cast<double*>(_basis);
  basisDeriv = const_cast<double*>(_basisDeriv);
  fieldTpdt = const_cast<double*>(_fieldTpdt);
  fieldT = const_cast<double*>(_fieldT);
  fieldTmdt = const_cast<double*>(_fieldTmdt);
  valsResidual = const_cast<double*>(_valsResidual);
  valsJacobian = const_cast<double*>(_valsJacobian);
} // constructor

pylith::feassemble::ElasticityImplicitData3DQuadratic::~ElasticityImplicitData3DQuadratic(void)
{}


// End of file
