// -*- C++ -*-
//
// ======================================================================
//
//                           Brad T. Aagaard
//                        U.S. Geological Survey
//
// {LicenseText}
//
// ======================================================================
//

// DO NOT EDIT THIS FILE
// This file was generated from python application integratorelasticitylgdeform.

#include "ElasticityImplicitLgDeformData2DQuadratic.hh"

const int pylith::feassemble::ElasticityImplicitLgDeformData2DQuadratic::_spaceDim = 2;

const int pylith::feassemble::ElasticityImplicitLgDeformData2DQuadratic::_cellDim = 2;

const int pylith::feassemble::ElasticityImplicitLgDeformData2DQuadratic::_numVertices = 6;

const int pylith::feassemble::ElasticityImplicitLgDeformData2DQuadratic::_numCells = 1;

const int pylith::feassemble::ElasticityImplicitLgDeformData2DQuadratic::_numBasis = 6;

const int pylith::feassemble::ElasticityImplicitLgDeformData2DQuadratic::_numQuadPts = 6;

const char* pylith::feassemble::ElasticityImplicitLgDeformData2DQuadratic::_matType = "ElasticPlaneStrain";

const char* pylith::feassemble::ElasticityImplicitLgDeformData2DQuadratic::_matDBFilename = "data/elasticplanestrain.spatialdb";

const int pylith::feassemble::ElasticityImplicitLgDeformData2DQuadratic::_matId = 0;

const char* pylith::feassemble::ElasticityImplicitLgDeformData2DQuadratic::_matLabel = "elastic strain 2-D";

const double pylith::feassemble::ElasticityImplicitLgDeformData2DQuadratic::_dt =   1.00000000e-02;

const double pylith::feassemble::ElasticityImplicitLgDeformData2DQuadratic::_gravityVec[] = {
  0.00000000e+00, -1.00000000e+08,
};

const double pylith::feassemble::ElasticityImplicitLgDeformData2DQuadratic::_vertices[] = {
 -1.00000000e+00, -1.00000000e+00,
  1.00000000e+00,  2.00000000e-01,
 -1.50000000e+00,  5.00000000e-01,
 -2.50000000e-01,  3.50000000e-01,
 -1.25000000e+00, -2.50000000e-01,
  0.00000000e+00, -4.00000000e-01,
};

const int pylith::feassemble::ElasticityImplicitLgDeformData2DQuadratic::_cells[] = {
0,1,2,3,4,5,
};

const double pylith::feassemble::ElasticityImplicitLgDeformData2DQuadratic::_verticesRef[] = {
 -1.00000000e+00, -1.00000000e+00,
  1.00000000e+00, -1.00000000e+00,
 -1.00000000e+00,  1.00000000e+00,
  0.00000000e+00,  0.00000000e+00,
 -1.00000000e+00,  0.00000000e+00,
  0.00000000e+00, -1.00000000e+00,
};

const double pylith::feassemble::ElasticityImplicitLgDeformData2DQuadratic::_quadPts[] = {
 -7.50000000e-01, -7.50000000e-01,
  7.50000000e-01, -7.50000000e-01,
 -7.50000000e-01,  7.50000000e-01,
  0.00000000e+00, -7.50000000e-01,
 -7.50000000e-01,  0.00000000e+00,
  2.50000000e-01,  2.50000000e-01,
};

const double pylith::feassemble::ElasticityImplicitLgDeformData2DQuadratic::_quadWts[] = {
  3.33333333e-01,  3.33333333e-01,  3.33333333e-01,  3.33333333e-01,  3.33333333e-01,  3.33333333e-01,
};

const double pylith::feassemble::ElasticityImplicitLgDeformData2DQuadratic::_basis[] = {
  3.75000000e-01, -9.37500000e-02,
 -9.37500000e-02,  6.25000000e-02,
  3.75000000e-01,  3.75000000e-01,
  0.00000000e+00,  6.56250000e-01,
 -9.37500000e-02,  4.37500000e-01,
 -0.00000000e+00, -0.00000000e+00,
  0.00000000e+00, -9.37500000e-02,
  6.56250000e-01,  4.37500000e-01,
 -0.00000000e+00, -0.00000000e+00,
 -9.37500000e-02,  0.00000000e+00,
 -9.37500000e-02,  2.50000000e-01,
  1.87500000e-01,  7.50000000e-01,
 -9.37500000e-02, -9.37500000e-02,
  0.00000000e+00,  2.50000000e-01,
  7.50000000e-01,  1.87500000e-01,
  3.75000000e-01,  1.56250000e-01,
  1.56250000e-01,  1.56250000e+00,
 -6.25000000e-01, -6.25000000e-01,
};

const double pylith::feassemble::ElasticityImplicitLgDeformData2DQuadratic::_basisDerivRef[] = {
 -1.00000000e+00, -1.00000000e+00,
 -2.50000000e-01,  0.00000000e+00,
  0.00000000e+00, -2.50000000e-01,
  2.50000000e-01,  2.50000000e-01,
 -2.50000000e-01,  1.25000000e+00,
  1.25000000e+00, -2.50000000e-01,
  5.00000000e-01,  5.00000000e-01,
  1.25000000e+00,  0.00000000e+00,
  0.00000000e+00, -2.50000000e-01,
  2.50000000e-01,  1.75000000e+00,
 -2.50000000e-01, -2.50000000e-01,
 -1.75000000e+00, -1.75000000e+00,
  5.00000000e-01,  5.00000000e-01,
 -2.50000000e-01,  0.00000000e+00,
  0.00000000e+00,  1.25000000e+00,
  1.75000000e+00,  2.50000000e-01,
 -1.75000000e+00, -1.75000000e+00,
 -2.50000000e-01, -2.50000000e-01,
 -2.50000000e-01, -2.50000000e-01,
  5.00000000e-01,  0.00000000e+00,
  0.00000000e+00, -2.50000000e-01,
  2.50000000e-01,  1.00000000e+00,
 -2.50000000e-01,  5.00000000e-01,
 -2.50000000e-01, -1.00000000e+00,
 -2.50000000e-01, -2.50000000e-01,
 -2.50000000e-01,  0.00000000e+00,
  0.00000000e+00,  5.00000000e-01,
  1.00000000e+00,  2.50000000e-01,
 -1.00000000e+00, -2.50000000e-01,
  5.00000000e-01, -2.50000000e-01,
  1.00000000e+00,  1.00000000e+00,
  7.50000000e-01,  0.00000000e+00,
  0.00000000e+00,  7.50000000e-01,
  1.25000000e+00,  1.25000000e+00,
 -1.25000000e+00, -1.75000000e+00,
 -1.75000000e+00, -1.25000000e+00,
};

const double pylith::feassemble::ElasticityImplicitLgDeformData2DQuadratic::_fieldTIncr[] = {
 -4.00000000e-01, -6.00000000e-01,
  7.00000000e-01,  8.00000000e-01,
  0.00000000e+00,  2.00000000e-01,
 -5.00000000e-01, -4.00000000e-01,
  3.00000000e-01,  9.00000000e-01,
 -3.00000000e-01, -9.00000000e-01,
};

const double pylith::feassemble::ElasticityImplicitLgDeformData2DQuadratic::_fieldT[] = {
 -3.00000000e-01, -4.00000000e-01,
  5.00000000e-01,  6.00000000e-01,
  0.00000000e+00,  1.00000000e-01,
 -2.00000000e-01, -3.00000000e-01,
  2.00000000e-01,  3.00000000e-01,
 -1.00000000e-01, -2.00000000e-01,
};

const double pylith::feassemble::ElasticityImplicitLgDeformData2DQuadratic::_fieldTmdt[] = {
 -2.00000000e-01, -3.00000000e-01,
  3.00000000e-01,  4.00000000e-01,
  0.00000000e+00, -1.00000000e-01,
 -3.00000000e-01, -2.00000000e-01,
  1.00000000e-01,  4.00000000e-01,
 -2.00000000e-01, -6.00000000e-01,
};

const double pylith::feassemble::ElasticityImplicitLgDeformData2DQuadratic::_valsResidual[] = {
  3.39737351e+12,  5.19317954e+12,
 -1.80774474e+12, -2.22000685e+12,
  2.65665681e+12,  3.51432165e+12,
  4.77718113e+12,  3.87082081e+12,
 -7.52685354e+12, -1.20475569e+13,
 -1.49661316e+12,  1.68924177e+12,
};

const double pylith::feassemble::ElasticityImplicitLgDeformData2DQuadratic::_valsJacobian[] = {
  1.21091900e+12,  5.56624427e+11,
  5.95878737e+10,  2.82688919e+10,
  6.89616587e+11,  3.46233237e+11,
  9.22245444e+11,  3.73904122e+11,
 -1.91462842e+12, -9.41768992e+11,
 -9.67740481e+11, -3.63261686e+11,
  5.56624427e+11,  1.75937634e+12,
  2.55818801e+10,  1.13588035e+11,
  3.45077232e+11,  7.71442168e+11,
  3.77747140e+11,  6.23361467e+11,
 -9.44649933e+11, -2.62213755e+12,
 -3.60380746e+11, -6.45630459e+11,
  5.95878737e+10,  2.55818801e+10,
  5.73354183e+11,  2.59713039e+11,
 -8.46433708e+09, -2.59165131e+10,
 -4.03504796e+11, -1.36798725e+11,
  8.32134883e+10,  6.73297341e+10,
 -3.04186412e+11, -1.89909415e+11,
  2.82688919e+10,  1.13588035e+11,
  2.59713039e+11,  5.80155308e+11,
 -2.66709077e+10, -3.33303021e+10,
 -1.27273335e+11, -1.82757062e+11,
  6.53971169e+10,  1.67214691e+11,
 -1.99434806e+11, -6.44870669e+11,
  6.89616587e+11,  3.45077232e+11,
 -8.46433708e+09, -2.66709077e+10,
  9.46393649e+11,  4.11776807e+11,
  4.22061375e+11,  3.08031050e+11,
 -1.66893291e+12, -8.05938575e+11,
 -3.80674362e+11, -2.32275605e+11,
  3.46233237e+11,  7.71442168e+11,
 -2.59165131e+10, -3.33303021e+10,
  4.11776807e+11,  9.71896809e+11,
  3.13343794e+11,  2.71248445e+11,
 -8.11251320e+11, -1.81414784e+12,
 -2.34186006e+11, -1.67109284e+11,
  9.22245444e+11,  3.77747140e+11,
 -4.03504796e+11, -1.27273335e+11,
  4.22061375e+11,  3.13343794e+11,
  2.67767840e+12,  8.66541719e+11,
 -1.76517544e+12, -9.28979272e+11,
 -1.85330498e+12, -5.01380046e+11,
  3.73904122e+11,  6.23361467e+11,
 -1.36798725e+11, -1.82757062e+11,
  3.08031050e+11,  2.71248445e+11,
  8.66541719e+11,  2.75987489e+12,
 -9.20742130e+11, -1.59282386e+12,
 -4.90936036e+11, -1.87890388e+12,
 -1.91462842e+12, -9.44649933e+11,
  8.32134883e+10,  6.53971169e+10,
 -1.66893291e+12, -8.11251320e+11,
 -1.76517544e+12, -9.20742130e+11,
  4.09293769e+12,  2.04726998e+12,
  1.17258560e+12,  5.63976291e+11,
 -9.41768992e+11, -2.62213755e+12,
  6.73297341e+10,  1.67214691e+11,
 -8.05938575e+11, -1.81414784e+12,
 -9.28979272e+11, -1.59282386e+12,
  2.04726998e+12,  5.59980472e+12,
  5.62087130e+11,  2.62089836e+11,
 -9.67740481e+11, -3.60380746e+11,
 -3.04186412e+11, -1.99434806e+11,
 -3.80674362e+11, -2.34186006e+11,
 -1.85330498e+12, -4.90936036e+11,
  1.17258560e+12,  5.62087130e+11,
  2.33332064e+12,  7.22850462e+11,
 -3.63261686e+11, -6.45630459e+11,
 -1.89909415e+11, -6.44870669e+11,
 -2.32275605e+11, -1.67109284e+11,
 -5.01380046e+11, -1.87890388e+12,
  5.63976291e+11,  2.62089836e+11,
  7.22850462e+11,  3.07442446e+12,
};

pylith::feassemble::ElasticityImplicitLgDeformData2DQuadratic::ElasticityImplicitLgDeformData2DQuadratic(void)
{ // constructor
  spaceDim = _spaceDim;
  cellDim = _cellDim;
  numVertices = _numVertices;
  numCells = _numCells;
  numBasis = _numBasis;
  numQuadPts = _numQuadPts;
  matType = const_cast<char*>(_matType);
  matDBFilename = const_cast<char*>(_matDBFilename);
  matId = _matId;
  matLabel = const_cast<char*>(_matLabel);
  dt = _dt;
  gravityVec = const_cast<double*>(_gravityVec);
  vertices = const_cast<double*>(_vertices);
  cells = const_cast<int*>(_cells);
  verticesRef = const_cast<double*>(_verticesRef);
  quadPts = const_cast<double*>(_quadPts);
  quadWts = const_cast<double*>(_quadWts);
  basis = const_cast<double*>(_basis);
  basisDerivRef = const_cast<double*>(_basisDerivRef);
  fieldTIncr = const_cast<double*>(_fieldTIncr);
  fieldT = const_cast<double*>(_fieldT);
  fieldTmdt = const_cast<double*>(_fieldTmdt);
  valsResidual = const_cast<double*>(_valsResidual);
  valsJacobian = const_cast<double*>(_valsJacobian);
} // constructor

pylith::feassemble::ElasticityImplicitLgDeformData2DQuadratic::~ElasticityImplicitLgDeformData2DQuadratic(void)
{}


// End of file
