// -*- C++ -*-
//
// ======================================================================
//
//                           Brad T. Aagaard
//                        U.S. Geological Survey
//
// {LicenseText}
//
// ======================================================================
//

// DO NOT EDIT THIS FILE
// This file was generated from python application elasticityimplicit.

#include "ElasticityImplicitData3DQuadratic.hh"

const int pylith::feassemble::ElasticityImplicitData3DQuadratic::_spaceDim = 3;

const int pylith::feassemble::ElasticityImplicitData3DQuadratic::_cellDim = 3;

const int pylith::feassemble::ElasticityImplicitData3DQuadratic::_numVertices = 10;

const int pylith::feassemble::ElasticityImplicitData3DQuadratic::_numCells = 1;

const int pylith::feassemble::ElasticityImplicitData3DQuadratic::_numBasis = 10;

const int pylith::feassemble::ElasticityImplicitData3DQuadratic::_numQuadPts = 4;

const char* pylith::feassemble::ElasticityImplicitData3DQuadratic::_matType = "ElasticIsotropic3D";

const char* pylith::feassemble::ElasticityImplicitData3DQuadratic::_matDBFilename = "data/elasticisotropic3d.spatialdb";

const int pylith::feassemble::ElasticityImplicitData3DQuadratic::_matId = 0;

const char* pylith::feassemble::ElasticityImplicitData3DQuadratic::_matLabel = "elastic isotropic 3-D";

const double pylith::feassemble::ElasticityImplicitData3DQuadratic::_dt =   1.00000000e-02;

const double pylith::feassemble::ElasticityImplicitData3DQuadratic::_vertices[] = {
 -5.00000000e-01, -2.00000000e+00, -1.00000000e+00,
  2.00000000e+00, -2.00000000e+00, -5.00000000e-01,
  1.00000000e+00,  1.00000000e+00,  0.00000000e+00,
  2.00000000e-01,  5.00000000e-01,  2.00000000e+00,
  7.00000000e-01, -2.10000000e+00, -8.00000000e-01,
  3.00000000e-01, -5.00000000e-01, -5.00000000e-01,
 -2.00000000e-01, -8.00000000e-01,  5.00000000e-01,
  1.50000000e+00, -6.00000000e-01, -2.00000000e-01,
  6.00000000e-01,  8.00000000e-01,  9.00000000e-01,
  1.10000000e+00, -8.00000000e-01,  7.00000000e-01,
};

const int pylith::feassemble::ElasticityImplicitData3DQuadratic::_cells[] = {
0,1,2,3,4,5,6,7,8,9,
};

const double pylith::feassemble::ElasticityImplicitData3DQuadratic::_verticesRef[] = {
 -1.00000000e+00, -1.00000000e+00, -1.00000000e+00,
  1.00000000e+00, -1.00000000e+00, -1.00000000e+00,
 -1.00000000e+00,  1.00000000e+00, -1.00000000e+00,
 -1.00000000e+00, -1.00000000e+00,  1.00000000e+00,
 -1.00000000e+00,  0.00000000e+00, -1.00000000e+00,
  0.00000000e+00,  0.00000000e+00, -1.00000000e+00,
  0.00000000e+00, -1.00000000e+00, -1.00000000e+00,
 -1.00000000e+00, -1.00000000e+00,  0.00000000e+00,
  0.00000000e+00, -1.00000000e+00,  0.00000000e+00,
 -1.00000000e+00,  0.00000000e+00,  0.00000000e+00,
};

const double pylith::feassemble::ElasticityImplicitData3DQuadratic::_quadPts[] = {
  8.33333333e-02,  8.33333333e-02,  8.33333333e-02,
  7.50000000e-01,  8.33333333e-02,  8.33333333e-02,
  8.33333333e-02,  7.50000000e-01,  8.33333333e-02,
  8.33333333e-02,  8.33333333e-02,  7.50000000e-01,
};

const double pylith::feassemble::ElasticityImplicitData3DQuadratic::_quadWts[] = {
  1.25000000e-01,  1.25000000e-01,  1.25000000e-01,  1.25000000e-01,
};

const double pylith::feassemble::ElasticityImplicitData3DQuadratic::_basis[] = {
  3.75000000e-01, -6.94444444e-02, -6.94444444e-02,
 -6.94444444e-02,  2.50000000e-01,  2.50000000e-01,
  2.50000000e-01,  2.77777778e-02,  2.77777778e-02,
  2.77777778e-02, -6.94444444e-02,  3.75000000e-01,
 -6.94444444e-02, -6.94444444e-02,  2.50000000e-01,
  2.77777778e-02,  2.77777778e-02,  2.50000000e-01,
  2.77777778e-02,  2.50000000e-01, -6.94444444e-02,
 -6.94444444e-02,  3.75000000e-01, -6.94444444e-02,
  2.77777778e-02,  2.50000000e-01,  2.77777778e-02,
  2.50000000e-01,  2.50000000e-01,  2.77777778e-02,
 -6.94444444e-02, -6.94444444e-02, -6.94444444e-02,
  3.75000000e-01,  2.77777778e-02,  2.77777778e-02,
  2.50000000e-01,  2.77777778e-02,  2.50000000e-01,
  2.50000000e-01,};

const double pylith::feassemble::ElasticityImplicitData3DQuadratic::_basisDerivRef[] = {
 -2.00000000e+00, -2.00000000e+00, -2.00000000e+00,
 -6.66666667e-01,  0.00000000e+00,  0.00000000e+00,
  0.00000000e+00, -6.66666667e-01,  0.00000000e+00,
  0.00000000e+00,  0.00000000e+00, -6.66666667e-01,
  2.66666667e+00, -3.33333333e-01, -3.33333333e-01,
 -3.33333333e-01,  2.66666667e+00, -3.33333333e-01,
 -3.33333333e-01, -3.33333333e-01,  2.66666667e+00,
  3.33333333e-01,  3.33333333e-01,  0.00000000e+00,
  0.00000000e+00,  3.33333333e-01,  3.33333333e-01,
  3.33333333e-01,  0.00000000e+00,  3.33333333e-01,
  6.66666667e-01,  6.66666667e-01,  6.66666667e-01,
  2.00000000e+00,  0.00000000e+00,  0.00000000e+00,
  0.00000000e+00, -6.66666667e-01,  0.00000000e+00,
  0.00000000e+00,  0.00000000e+00, -6.66666667e-01,
 -2.66666667e+00, -3.00000000e+00, -3.00000000e+00,
 -3.33333333e-01,  1.11022302e-16, -3.33333333e-01,
 -3.33333333e-01, -3.33333333e-01,  1.11022302e-16,
  3.33333333e-01,  3.00000000e+00,  0.00000000e+00,
  0.00000000e+00,  3.33333333e-01,  3.33333333e-01,
  3.33333333e-01,  0.00000000e+00,  3.00000000e+00,
  6.66666667e-01,  6.66666667e-01,  6.66666667e-01,
 -6.66666667e-01,  0.00000000e+00,  0.00000000e+00,
  0.00000000e+00,  2.00000000e+00,  0.00000000e+00,
  0.00000000e+00,  0.00000000e+00, -6.66666667e-01,
  1.11022302e-16, -3.33333333e-01, -3.33333333e-01,
 -3.00000000e+00, -2.66666667e+00, -3.00000000e+00,
 -3.33333333e-01, -3.33333333e-01, -1.11022302e-16,
  3.00000000e+00,  3.33333333e-01,  0.00000000e+00,
  0.00000000e+00,  3.33333333e-01,  3.00000000e+00,
  3.33333333e-01,  0.00000000e+00,  3.33333333e-01,
  6.66666667e-01,  6.66666667e-01,  6.66666667e-01,
 -6.66666667e-01,  0.00000000e+00,  0.00000000e+00,
  0.00000000e+00, -6.66666667e-01,  0.00000000e+00,
  0.00000000e+00,  0.00000000e+00,  2.00000000e+00,
 -1.11022302e-16, -3.33333333e-01, -3.33333333e-01,
 -3.33333333e-01, -1.11022302e-16, -3.33333333e-01,
 -3.00000000e+00, -3.00000000e+00, -2.66666667e+00,
  3.33333333e-01,  3.33333333e-01,  0.00000000e+00,
  0.00000000e+00,  3.00000000e+00,  3.33333333e-01,
  3.00000000e+00,  0.00000000e+00,  3.33333333e-01,
};

const double pylith::feassemble::ElasticityImplicitData3DQuadratic::_fieldTpdt[] = {
  3.00000000e-01, -4.00000000e-01, -4.00000000e-01,
 -6.00000000e-01,  8.00000000e-01,  2.00000000e-01,
  5.00000000e-01,  5.00000000e-01,  7.00000000e-01,
 -7.00000000e-01, -5.00000000e-01, -7.00000000e-01,
 -6.00000000e-01, -3.00000000e-01,  8.00000000e-01,
 -4.00000000e-01, -8.00000000e-01, -5.00000000e-01,
  7.00000000e-01,  8.00000000e-01, -5.00000000e-01,
 -5.00000000e-01, -5.00000000e-01, -7.00000000e-01,
 -3.00000000e-01, -9.00000000e-01,  8.00000000e-01,
 -1.00000000e-01,  5.00000000e-01, -9.00000000e-01,
};

const double pylith::feassemble::ElasticityImplicitData3DQuadratic::_fieldT[] = {
  1.00000000e-01, -2.00000000e-01, -6.00000000e-01,
 -3.00000000e-01,  4.00000000e-01,  9.00000000e-01,
  6.00000000e-01,  8.00000000e-01,  5.00000000e-01,
 -8.00000000e-01, -6.00000000e-01, -8.00000000e-01,
 -0.00000000e+00, -2.00000000e-01,  6.00000000e-01,
 -4.00000000e-01, -7.00000000e-01, -2.00000000e-01,
  7.00000000e-01,  6.00000000e-01, -1.00000000e-01,
 -4.00000000e-01, -3.00000000e-01, -3.00000000e-01,
 -7.00000000e-01, -6.00000000e-01,  1.00000000e-01,
 -9.00000000e-01,  3.00000000e-01, -8.00000000e-01,
};

const double pylith::feassemble::ElasticityImplicitData3DQuadratic::_fieldTmdt[] = {
  2.00000000e-01, -3.00000000e-01, -4.00000000e-01,
 -6.00000000e-01,  2.00000000e-01,  3.00000000e-01,
  5.00000000e-01,  2.00000000e-01,  5.00000000e-01,
 -3.00000000e-01, -6.00000000e-01, -3.00000000e-01,
 -5.00000000e-01, -9.00000000e-01,  4.00000000e-01,
 -3.00000000e-01, -6.00000000e-01, -8.00000000e-01,
  9.00000000e-01,  5.00000000e-01, -2.00000000e-01,
 -7.00000000e-01, -3.00000000e-01, -3.00000000e-01,
 -5.00000000e-01, -8.00000000e-01,  4.00000000e-01,
 -4.00000000e-01,  5.00000000e-01, -8.00000000e-01,
};

const double pylith::feassemble::ElasticityImplicitData3DQuadratic::_valsResidual[] = {
 -7.86265156e+10, -6.50453174e+09,  9.66313773e+10,
 -1.66117754e+10, -1.00795779e+11,  2.53173672e+10,
 -1.53180823e+11, -4.94876361e+11,  3.47626004e+11,
  8.32634822e+09, -6.82511215e+10,  3.63126117e+11,
  8.82738604e+10, -2.77446201e+11, -9.32014365e+10,
  2.31344042e+11,  4.99241249e+11, -1.16153668e+11,
 -6.35712433e+11, -3.27240946e+11, -8.95734051e+10,
  6.25497326e+10,  6.16264999e+11, -3.42992649e+11,
  1.54879392e+11,  6.99521034e+11, -6.94797606e+11,
  3.38758171e+11, -5.39912342e+11,  5.04017899e+11,
};

const double pylith::feassemble::ElasticityImplicitData3DQuadratic::_valsJacobian[] = {
  1.64587725e+11,  9.84163932e+09,  4.44360094e+10,
  4.31136969e+10, -9.67377317e+09,  9.68730846e+09,
  1.72433393e+10,  1.68395158e+10, -1.37427697e+10,
 -2.76740098e+09, -3.75545131e+09,  2.10529583e+10,
 -1.92074818e+11,  2.83889103e+10, -4.11542992e+10,
 -7.33195554e+10, -6.04669733e+10,  3.13088959e+10,
 -3.79452598e+10,  6.83256899e+09, -6.75012498e+10,
  4.32409462e+10,  1.05899903e+10, -7.12250802e+09,
 -7.32183538e+09,  1.35625469e+10,  5.29603146e+08,
  4.52431626e+10, -1.21589738e+10,  2.25060515e+10,
  9.84163932e+09,  3.74110321e+10,  5.45366987e+09,
 -3.78488428e+09,  5.08119747e+09, -2.53520789e+09,
  9.28396020e+09,  4.62369779e+09,  2.86086181e+09,
 -2.08878464e+09,  2.90757333e+09,  2.26767442e+09,
  8.61113251e+09, -3.11009516e+10,  6.61532462e+09,
 -3.41336399e+10, -1.80693031e+10, -1.56487044e+10,
  2.77013431e+08, -2.29618143e+10, -4.07780027e+09,
  8.70110143e+09,  1.11175517e+10, -7.34453128e+08,
  6.22921354e+09,  1.16588860e+10,  3.09128144e+09,
 -2.93675159e+09, -6.67869453e+08,  2.70735351e+09,
  4.44360094e+10,  5.45366987e+09,  7.74890906e+10,
  1.13539751e+10, -5.97965233e+09,  1.60535378e+10,
 -3.85388086e+09,  8.86086181e+09, -2.40454954e+10,
  9.49740277e+09, -2.87881134e+08,  3.13514179e+10,
 -4.77098547e+10,  1.79486579e+10, -6.96316741e+10,
  4.30889593e+09, -3.36487044e+10,  5.58752110e+10,
 -3.39456943e+10,  2.58886639e+09, -1.20057080e+11,
  1.98860309e+09,  2.82110243e+09, -7.90011998e+09,
 -1.35928574e+09,  5.53572589e+09,  7.44113765e+09,
  1.52838293e+10, -3.29264649e+09,  3.34239741e+10,
  4.31136969e+10, -3.78488428e+09,  1.13539751e+10,
  1.42767964e+11, -4.34832278e+10,  2.15301897e+10,
 -5.43347808e+09, -1.42227223e+10,  1.55895434e+10,
  5.22011338e+09,  3.68879538e+09, -2.04595732e+10,
 -1.63110784e+11,  2.07249856e+10, -3.39736363e+10,
  3.93560332e+10, -1.56465667e+10,  2.41542882e+10,
  6.68142494e+10,  1.75610693e+09, -7.48896515e+09,
 -5.33337677e+10,  6.40011381e+10, -5.74254265e+10,
  8.24390755e+09, -1.55083612e+10, -1.20603962e+09,
 -8.36379340e+10,  2.47473635e+09,  4.79256444e+10,
 -9.67377317e+09,  5.08119747e+09, -5.97965233e+09,
 -4.34832278e+10,  8.23753811e+10, -1.44200455e+10,
 -5.00050007e+09,  3.20162597e+10, -1.38752685e+10,
  3.55462049e+08, -1.00466279e+10,  1.34585702e+10,
  3.73916523e+10, -3.39906977e+10,  1.76114051e+10,
 -1.18687890e+10,  3.41593741e+10, -1.54798356e+10,
 -8.91055973e+09, -4.51310595e+09,  8.38583869e+09,
  3.42233603e+10, -1.41382125e+11,  4.95083091e+10,
 -8.61947236e+09,  2.25958013e+10,  2.10512559e+08,
  1.55858475e+10,  1.37045424e+10, -3.94198336e+10,
  9.68730846e+09, -2.53520789e+09,  1.60535378e+10,
  2.15301897e+10, -1.44200455e+10,  4.58794614e+10,
  6.47843228e+09, -1.15419352e+10,  2.21170686e+10,
 -9.68179544e+09,  7.68079238e+09, -1.48994108e+10,
 -3.05291919e+10,  9.38918285e+09, -5.26894578e+10,
  1.48209548e+10, -1.09242801e+10,  3.20598211e+10,
  3.99923744e+08,  5.83028314e+09, -3.81491876e+09,
 -3.06476488e+10,  4.09527536e+10, -8.33096254e+10,
  2.38404821e+08, -1.78948744e+09, -4.53249037e+09,
  1.77034222e+10, -2.26420559e+10,  4.31360142e+10,
  1.72433393e+10,  9.28396020e+09, -3.85388086e+09,
 -5.43347808e+09, -5.00050007e+09,  6.47843228e+09,
  7.16359466e+10,  2.59889613e+10, -2.72686901e+10,
  1.65440527e+10,  3.16312861e+09, -8.65825157e+09,
 -6.52797899e+08,  1.85457182e+09, -5.63350106e+08,
 -6.89736250e+10, -3.22042140e+10,  1.74017376e+10,
  1.40671395e+10,  1.19621355e+10, -1.22855569e+10,
  1.51826692e+10,  7.07040096e+09, -1.39583273e+10,
 -7.74138196e+10, -1.62253654e+10,  3.77047625e+10,
  1.78005733e+10, -5.89307895e+09,  5.00312450e+09,
  1.68395158e+10,  4.62369779e+09,  8.86086181e+09,
 -1.42227223e+10,  3.20162597e+10, -1.15419352e+10,
  2.59889613e+10,  1.80686439e+11, -7.74605257e+10,
  4.82979528e+09,  1.79598853e+10, -2.06060780e+10,
 -3.43170670e+07,  4.44565836e+10, -3.46608469e+09,
 -5.23153251e+10, -9.12139712e+10,  4.30892780e+09,
  2.21843577e+10,  3.26826875e+10, -1.58640573e+10,
  3.37370676e+10, -1.55953018e+11,  6.25890730e+10,
 -2.27809210e+10, -1.34125295e+11,  9.06491951e+10,
 -1.42264123e+10,  6.88667317e+10, -3.74693768e+10,
 -1.37427697e+10,  2.86086181e+09, -2.40454954e+10,
  1.55895434e+10, -1.38752685e+10,  2.21170686e+10,
 -2.72686901e+10, -7.74605257e+10,  1.88543480e+11,
 -7.88047379e+09, -1.22727446e+10,  6.36519849e+10,
 -3.41127883e+08, -1.15771958e+10, -2.78601808e+09,
  4.75128487e+10,  2.23089278e+10,  1.90153362e+10,
 -2.01744457e+10, -1.37529462e+10,  3.23406830e+10,
 -4.07361051e+10,  6.80335174e+10, -1.26385136e+11,
  3.43714292e+10,  6.72047507e+10, -2.58048902e+11,
  1.26697912e+10, -3.14693768e+10,  8.55969985e+10,
 -2.76740098e+09, -2.08878464e+09,  9.49740277e+09,
  5.22011338e+09,  3.55462049e+08, -9.68179544e+09,
  1.65440527e+10,  4.82979528e+09, -7.88047379e+09,
  4.33158550e+10,  3.21234686e+09, -1.76782633e+10,
 -1.47958880e+09, -3.89776204e+09, -1.86657290e+09,
  1.79397167e+09,  1.65305987e+09, -1.16943436e+09,
 -2.56311069e+09,  4.73379414e+09, -2.09181973e+10,
  3.14502449e+10,  5.14358097e+09, -1.42013065e+10,
 -5.62211955e+10, -1.10328159e+10,  2.35686692e+10,
 -3.52929416e+10, -2.90867657e+09,  4.03299716e+10,
 -3.75545131e+09,  2.90757333e+09, -2.87881134e+08,
  3.68879538e+09, -1.00466279e+10,  7.68079238e+09,
  3.16312861e+09,  1.79598853e+10, -1.22727446e+10,
  3.21234686e+09,  4.39124124e+10, -1.87394346e+10,
 -2.45331760e+09, -1.23711093e+10,  6.63934952e+09,
 -1.23582902e+09,  2.48793486e+10, -1.51348107e+10,
  8.17823858e+09, -1.88437554e+10,  4.75168196e+09,
  6.58802541e+09,  2.82864270e+10, -1.30242825e+10,
 -7.58837146e+09, -7.21985379e+10,  4.70625956e+10,
 -9.79756546e+09, -4.48561615e+09, -6.67526587e+09,
  2.10529583e+10,  2.26767442e+09,  3.13514179e+10,
 -2.04595732e+10,  1.34585702e+10, -1.48994108e+10,
 -8.65825157e+09, -2.06060780e+10,  6.36519849e+10,
 -1.76782633e+10, -1.87394346e+10,  2.17621308e+11,
 -2.53323957e+09,  1.51949051e+10,  4.16713128e+09,
  8.60834341e+09, -1.96903663e+10,  8.41013823e+10,
 -5.44737529e+10, -5.02609582e+09, -1.44647291e+11,
 -2.33124176e+10, -1.70242825e+10,  5.40965949e+10,
  2.37908914e+10,  7.36181511e+10, -2.54016802e+11,
  7.36633049e+10, -2.34530436e+10, -4.14263159e+10,
 -1.92074818e+11,  8.61113251e+09, -4.77098547e+10,
 -1.63110784e+11,  3.73916523e+10, -3.05291919e+10,
 -6.52797899e+08, -3.43170670e+07, -3.41127883e+08,
 -1.47958880e+09, -2.45331760e+09, -2.53323957e+09,
  3.53483013e+11, -5.12535904e+10,  6.65092647e+10,
  1.02041521e+10,  6.79670426e+10, -5.54293711e+10,
 -3.05391652e+10, -1.37080077e+09,  7.40312483e+10,
 -1.19371939e+10, -7.41825181e+10,  5.62333076e+10,
 -2.96048615e+09,  1.57919013e+09,  1.16536228e+09,
  3.90676692e+10,  1.37455264e+10, -6.13963978e+10,
  2.83889103e+10, -3.11009516e+10,  1.79486579e+10,
  2.07249856e+10, -3.39906977e+10,  9.38918285e+09,
  1.85457182e+09,  4.44565836e+10, -1.15771958e+10,
 -3.89776204e+09, -1.23711093e+10,  1.51949051e+10,
 -5.12535904e+10,  1.96588810e+11, -9.80288892e+09,
  3.40225982e+10, -1.77359245e+11,  7.23366995e+10,
  2.21847548e+10,  6.06520314e+10, -6.27037313e+10,
 -5.28491848e+10, -5.60183528e+10,  7.24945231e+09,
  1.57919013e+09, -4.05453065e+10, -4.63771111e+09,
 -7.54473600e+08,  4.96882379e+10, -3.33973705e+10,
 -4.11542992e+10,  6.61532462e+09, -6.96316741e+10,
 -3.39736363e+10,  1.76114051e+10, -5.26894578e+10,
 -5.63350106e+08, -3.46608469e+09, -2.78601808e+09,
 -1.86657290e+09,  6.63934952e+09,  4.16713128e+09,
  6.65092647e+10, -9.80288892e+09,  1.35994046e+11,
 -2.19849267e+10,  5.08366995e+10, -6.56295612e+10,
  3.63090261e+10, -3.40370646e+10,  6.88617703e+10,
  2.23999743e+10, -2.36394366e+10,  9.03395269e+10,
  1.16536228e+09, -4.63771111e+09, -5.77577532e+09,
 -2.68408422e+10, -6.11959277e+09, -1.02849988e+11,
 -7.33195554e+10, -3.41336399e+10,  4.30889593e+09,
  3.93560332e+10, -1.18687890e+10,  1.48209548e+10,
 -6.89736250e+10, -5.23153251e+10,  4.75128487e+10,
  1.79397167e+09, -1.23582902e+09,  8.60834341e+09,
  1.02041521e+10,  3.40225982e+10, -2.19849267e+10,
  3.12159136e+11,  2.92248145e+10,  5.60209313e+10,
 -7.12403900e+09, -1.47307540e+10,  3.47829963e+10,
 -2.00593645e+11,  2.76861351e+10, -4.22801960e+10,
  5.14586591e+10,  3.95580486e+09, -6.91804987e+10,
 -6.49610880e+10,  1.93949844e+10, -3.26093490e+10,
 -6.04669733e+10, -1.80693031e+10, -3.36487044e+10,
 -1.56465667e+10,  3.41593741e+10, -1.09242801e+10,
 -3.22042140e+10, -9.12139712e+10,  2.23089278e+10,
  1.65305987e+09,  2.48793486e+10, -1.96903663e+10,
  6.79670426e+10, -1.77359245e+11,  5.08366995e+10,
  2.92248145e+10,  3.58326610e+11, -1.16726238e+11,
 -3.40085318e+10, -1.12164051e+11,  1.04718662e+11,
  1.89639128e+10,  2.35692392e+10, -1.69355813e+10,
  5.12247153e+09,  3.59820192e+10, -2.07313406e+10,
  1.93949844e+10, -7.81100215e+10,  4.07922215e+10,
  3.13088959e+10, -1.56487044e+10,  5.58752110e+10,
  2.41542882e+10, -1.54798356e+10,  3.20598211e+10,
  1.74017376e+10,  4.30892780e+09,  1.90153362e+10,
 -1.16943436e+09, -1.51348107e+10,  8.41013823e+10,
 -5.54293711e+10,  7.23366995e+10, -6.56295612e+10,
  5.60209313e+10, -1.16726238e+11,  4.18312117e+11,
  5.47274407e+10,  7.42186615e+10, -2.67327985e+11,
 -7.06690849e+10, -7.32447015e+09,  4.62951788e+09,
 -2.37360543e+10, -2.13424517e+10, -1.30151249e+11,
 -3.26093490e+10,  4.07922215e+10, -1.50884590e+11,
 -3.79452598e+10,  2.77013431e+08, -3.39456943e+10,
  6.68142494e+10, -8.91055973e+09,  3.99923744e+08,
  1.40671395e+10,  2.21843577e+10, -2.01744457e+10,
 -2.56311069e+09,  8.17823858e+09, -5.44737529e+10,
 -3.05391652e+10,  2.21847548e+10,  3.63090261e+10,
 -7.12403900e+09, -3.40085318e+10,  5.47274407e+10,
  3.86375132e+11,  5.02292341e+10, -3.06673830e+09,
 -9.83165906e+10, -1.75914346e+10,  2.59536009e+10,
 -1.91748363e+10, -9.32197943e+10,  5.77923363e+10,
 -2.71593519e+11,  5.06767217e+10, -6.35216965e+10,
  6.83256899e+09, -2.29618143e+10,  2.58886639e+09,
  1.75610693e+09, -4.51310595e+09,  5.83028314e+09,
  1.19621355e+10,  3.26826875e+10, -1.37529462e+10,
  4.73379414e+09, -1.88437554e+10, -5.02609582e+09,
 -1.37080077e+09,  6.06520314e+10, -3.40370646e+10,
 -1.47307540e+10, -1.12164051e+11,  7.42186615e+10,
  5.02292341e+10,  1.48564361e+11, -2.74420686e+10,
 -1.75914346e+10, -3.81913183e+10,  1.19072739e+10,
 -4.78864609e+10, -6.23542125e+10,  3.36268953e+09,
  6.06561062e+09,  1.71291766e+10, -1.76495993e+10,
 -6.75012498e+10, -4.07780027e+09, -1.20057080e+11,
 -7.48896515e+09,  8.38583869e+09, -3.81491876e+09,
 -1.22855569e+10, -1.58640573e+10,  3.23406830e+10,
 -2.09181973e+10,  4.75168196e+09, -1.44647291e+11,
  7.40312483e+10, -6.27037313e+10,  6.88617703e+10,
  3.47829963e+10,  1.04718662e+11, -2.67327985e+11,
 -3.06673830e+09, -2.74420686e+10,  3.89321192e+11,
  2.59536009e+10,  1.19072739e+10, -4.75512737e+10,
  2.49590029e+10, -1.37484216e+10,  8.43609178e+10,
 -4.84661410e+10, -5.92737708e+09,  8.51398448e+09,
  4.32409462e+10,  8.70110143e+09,  1.98860309e+09,
 -5.33337677e+10,  3.42233603e+10, -3.06476488e+10,
  1.51826692e+10,  3.37370676e+10, -4.07361051e+10,
  3.14502449e+10,  6.58802541e+09, -2.33124176e+10,
 -1.19371939e+10, -5.28491848e+10,  2.23999743e+10,
 -2.00593645e+11,  1.89639128e+10, -7.06690849e+10,
 -9.83165906e+10, -1.75914346e+10,  2.59536009e+10,
  3.60589444e+11, -1.00112592e+10, -1.35534859e+10,
 -5.00245072e+10,  9.32958569e+09,  7.64197916e+10,
 -3.62575999e+10, -3.10911747e+10,  5.21567726e+10,
  1.05899903e+10,  1.11175517e+10,  2.82110243e+09,
  6.40011381e+10, -1.41382125e+11,  4.09527536e+10,
  7.07040096e+09, -1.55953018e+11,  6.80335174e+10,
  5.14358097e+09,  2.82864270e+10, -1.70242825e+10,
 -7.41825181e+10, -5.60183528e+10, -2.36394366e+10,
  2.76861351e+10,  2.35692392e+10, -7.32447015e+09,
 -1.75914346e+10, -3.81913183e+10,  1.19072739e+10,
 -1.00112592e+10,  4.51201237e+11, -1.63563227e+11,
  1.24406968e+10,  5.24733623e+10, -4.94543585e+10,
 -2.51467303e+10, -1.75103003e+11,  1.37291127e+11,
 -7.12250802e+09, -7.34453128e+08, -7.90011998e+09,
 -5.74254265e+10,  4.95083091e+10, -8.33096254e+10,
 -1.39583273e+10,  6.25890730e+10, -1.26385136e+11,
 -1.42013065e+10, -1.30242825e+10,  5.40965949e+10,
  5.62333076e+10,  7.24945231e+09,  9.03395269e+10,
 -4.22801960e+10, -1.69355813e+10,  4.62951788e+09,
  2.59536009e+10,  1.19072739e+10, -4.75512737e+10,
 -1.35534859e+10, -1.63563227e+11,  4.08232344e+11,
  3.41420138e+10, -3.81210252e+10,  6.86665515e+10,
  3.22123281e+10,  1.01124461e+11, -3.60818380e+11,
 -7.32183538e+09,  6.22921354e+09, -1.35928574e+09,
  8.24390755e+09, -8.61947236e+09,  2.38404821e+08,
 -7.74138196e+10, -2.27809210e+10,  3.43714292e+10,
 -5.62211955e+10, -7.58837146e+09,  2.37908914e+10,
 -2.96048615e+09,  1.57919013e+09,  1.16536228e+09,
  5.14586591e+10,  5.12247153e+09, -2.37360543e+10,
 -1.91748363e+10, -4.78864609e+10,  2.49590029e+10,
 -5.00245072e+10,  1.24406968e+10,  3.41420138e+10,
  1.54619326e+11,  2.14981019e+10, -5.77090025e+10,
 -1.20521220e+09,  4.00055518e+10, -3.58627619e+10,
  1.35625469e+10,  1.16588860e+10,  5.53572589e+09,
 -1.55083612e+10,  2.25958013e+10, -1.78948744e+09,
 -1.62253654e+10, -1.34125295e+11,  6.72047507e+10,
 -1.10328159e+10, -7.21985379e+10,  7.36181511e+10,
  1.57919013e+09, -4.05453065e+10, -4.63771111e+09,
  3.95580486e+09,  3.59820192e+10, -2.13424517e+10,
 -9.32197943e+10, -6.23542125e+10, -1.37484216e+10,
  9.32958569e+09,  5.24733623e+10, -3.81210252e+10,
  2.14981019e+10,  3.50744424e+11, -1.23781855e+11,
  8.60611074e+10, -1.64231141e+11,  5.70623242e+10,
  5.29603146e+08,  3.09128144e+09,  7.44113765e+09,
 -1.20603962e+09,  2.10512559e+08, -4.53249037e+09,
  3.77047625e+10,  9.06491951e+10, -2.58048902e+11,
  2.35686692e+10,  4.70625956e+10, -2.54016802e+11,
  1.16536228e+09, -4.63771111e+09, -5.77577532e+09,
 -6.91804987e+10, -2.07313406e+10, -1.30151249e+11,
  5.77923363e+10,  3.36268953e+09,  8.43609178e+10,
  7.64197916e+10, -4.94543585e+10,  6.86665515e+10,
 -5.77090025e+10, -1.23781855e+11,  5.36960708e+11,
 -6.90849841e+10,  5.42289908e+10, -4.49040962e+10,
  4.52431626e+10, -2.93675159e+09,  1.52838293e+10,
 -8.36379340e+10,  1.55858475e+10,  1.77034222e+10,
  1.78005733e+10, -1.42264123e+10,  1.26697912e+10,
 -3.52929416e+10, -9.79756546e+09,  7.36633049e+10,
  3.90676692e+10, -7.54473600e+08, -2.68408422e+10,
 -6.49610880e+10,  1.93949844e+10, -3.26093490e+10,
 -2.71593519e+11,  6.06561062e+09, -4.84661410e+10,
 -3.62575999e+10, -2.51467303e+10,  3.22123281e+10,
 -1.20521220e+09,  8.60611074e+10, -6.90849841e+10,
  3.90836890e+11, -7.42456166e+10,  2.54686407e+10,
 -1.21589738e+10, -6.67869453e+08, -3.29264649e+09,
  2.47473635e+09,  1.37045424e+10, -2.26420559e+10,
 -5.89307895e+09,  6.88667317e+10, -3.14693768e+10,
 -2.90867657e+09, -4.48561615e+09, -2.34530436e+10,
  1.37455264e+10,  4.96882379e+10, -6.11959277e+09,
  1.93949844e+10, -7.81100215e+10,  4.07922215e+10,
  5.06767217e+10,  1.71291766e+10, -5.92737708e+09,
 -3.10911747e+10, -1.75103003e+11,  1.01124461e+11,
  4.00055518e+10, -1.64231141e+11,  5.42289908e+10,
 -7.42456166e+10,  2.73208963e+11, -1.03241580e+11,
  2.25060515e+10,  2.70735351e+09,  3.34239741e+10,
  4.79256444e+10, -3.94198336e+10,  4.31360142e+10,
  5.00312450e+09, -3.74693768e+10,  8.55969985e+10,
  4.03299716e+10, -6.67526587e+09, -4.14263159e+10,
 -6.13963978e+10, -3.33973705e+10, -1.02849988e+11,
 -3.26093490e+10,  4.07922215e+10, -1.50884590e+11,
 -6.35216965e+10, -1.76495993e+10,  8.51398448e+09,
  5.21567726e+10,  1.37291127e+11, -3.60818380e+11,
 -3.58627619e+10,  5.70623242e+10, -4.49040962e+10,
  2.54686407e+10, -1.03241580e+11,  5.30212399e+11,
};

pylith::feassemble::ElasticityImplicitData3DQuadratic::ElasticityImplicitData3DQuadratic(void)
{ // constructor
  spaceDim = _spaceDim;
  cellDim = _cellDim;
  numVertices = _numVertices;
  numCells = _numCells;
  numBasis = _numBasis;
  numQuadPts = _numQuadPts;
  matType = const_cast<char*>(_matType);
  matDBFilename = const_cast<char*>(_matDBFilename);
  matId = _matId;
  matLabel = const_cast<char*>(_matLabel);
  dt = _dt;
  vertices = const_cast<double*>(_vertices);
  cells = const_cast<int*>(_cells);
  verticesRef = const_cast<double*>(_verticesRef);
  quadPts = const_cast<double*>(_quadPts);
  quadWts = const_cast<double*>(_quadWts);
  basis = const_cast<double*>(_basis);
  basisDerivRef = const_cast<double*>(_basisDerivRef);
  fieldTpdt = const_cast<double*>(_fieldTpdt);
  fieldT = const_cast<double*>(_fieldT);
  fieldTmdt = const_cast<double*>(_fieldTmdt);
  valsResidual = const_cast<double*>(_valsResidual);
  valsJacobian = const_cast<double*>(_valsJacobian);
} // constructor

pylith::feassemble::ElasticityImplicitData3DQuadratic::~ElasticityImplicitData3DQuadratic(void)
{}


// End of file
