// -*- C++ -*-
//
// ======================================================================
//
//                           Brad T. Aagaard
//                        U.S. Geological Survey
//
// {LicenseText}
//
// ======================================================================
//

// DO NOT EDIT THIS FILE
// This file was generated from python application elasticityimplicit.

#include "ElasticityImplicitData2DLinear.hh"

const int pylith::feassemble::ElasticityImplicitData2DLinear::_spaceDim = 2;

const int pylith::feassemble::ElasticityImplicitData2DLinear::_cellDim = 2;

const int pylith::feassemble::ElasticityImplicitData2DLinear::_numVertices = 3;

const int pylith::feassemble::ElasticityImplicitData2DLinear::_numCells = 1;

const int pylith::feassemble::ElasticityImplicitData2DLinear::_numBasis = 3;

const int pylith::feassemble::ElasticityImplicitData2DLinear::_numQuadPts = 1;

const char* pylith::feassemble::ElasticityImplicitData2DLinear::_matType = "ElasticPlaneStrain";

const char* pylith::feassemble::ElasticityImplicitData2DLinear::_matDBFilename = "data/elasticplanestrain.spatialdb";

const int pylith::feassemble::ElasticityImplicitData2DLinear::_matId = 0;

const char* pylith::feassemble::ElasticityImplicitData2DLinear::_matLabel = "elastic strain 2-D";

const double pylith::feassemble::ElasticityImplicitData2DLinear::_dt =   1.00000000e-02;

const double pylith::feassemble::ElasticityImplicitData2DLinear::_vertices[] = {
  2.00000000e-01, -4.00000000e-01,
  3.00000000e-01,  5.00000000e-01,
 -1.00000000e+00, -2.00000000e-01,
};

const int pylith::feassemble::ElasticityImplicitData2DLinear::_cells[] = {
0,1,2,
};

const double pylith::feassemble::ElasticityImplicitData2DLinear::_verticesRef[] = {
 -1.00000000e+00, -1.00000000e+00,
  1.00000000e+00, -1.00000000e+00,
 -1.00000000e+00,  1.00000000e+00,
};

const double pylith::feassemble::ElasticityImplicitData2DLinear::_quadPts[] = {
  3.33333333e-01,  3.33333333e-01,
};

const double pylith::feassemble::ElasticityImplicitData2DLinear::_quadWts[] = {
  5.00000000e-01,
};

const double pylith::feassemble::ElasticityImplicitData2DLinear::_basis[] = {
  3.33333333e-01,  3.33333333e-01,
  3.33333333e-01,};

const double pylith::feassemble::ElasticityImplicitData2DLinear::_basisDerivRef[] = {
 -1.00000000e+00, -1.00000000e+00,
  1.00000000e+00,  0.00000000e+00,
  0.00000000e+00,  1.00000000e+00,
};

const double pylith::feassemble::ElasticityImplicitData2DLinear::_fieldTpdt[] = {
  1.30000000e+00, -9.00000000e-01,
  1.40000000e+00,  1.50000000e+00,
  5.00000000e-01, -9.00000000e-01,
};

const double pylith::feassemble::ElasticityImplicitData2DLinear::_fieldT[] = {
  1.60000000e+00, -8.00000000e-01,
  9.00000000e-01,  7.00000000e-01,
 -2.00000000e-01, -1.10000000e+00,
};

const double pylith::feassemble::ElasticityImplicitData2DLinear::_fieldTmdt[] = {
  8.00000000e-01,  1.00000000e-01,
  5.00000000e-01,  3.00000000e-01,
 -1.00000000e-01, -6.00000000e-01,
};

const double pylith::feassemble::ElasticityImplicitData2DLinear::_valsResidual[] = {
 -3.94636364e+10,  1.61318182e+11,
 -2.24181818e+10, -1.54909091e+11,
  6.18818182e+10, -6.40909091e+09,
};

const double pylith::feassemble::ElasticityImplicitData2DLinear::_valsJacobian[] = {
  4.30909091e+10, -2.48181818e+10,
 -1.55454545e+10,  7.90909091e+09,
 -2.75454545e+10,  1.69090909e+10,
 -2.48181818e+10,  7.58181818e+10,
  7.90909091e+09, -6.19090909e+10,
  1.69090909e+10, -1.39090909e+10,
 -1.55454545e+10,  7.90909091e+09,
  2.12727273e+10,  6.54545455e+09,
 -5.72727273e+09, -1.44545455e+10,
  7.90909091e+09, -6.19090909e+10,
  6.54545455e+09,  5.94545455e+10,
 -1.44545455e+10,  2.45454545e+09,
 -2.75454545e+10,  1.69090909e+10,
 -5.72727273e+09, -1.44545455e+10,
  3.32727273e+10, -2.45454545e+09,
  1.69090909e+10, -1.39090909e+10,
 -1.44545455e+10,  2.45454545e+09,
 -2.45454545e+09,  1.14545455e+10,
};

pylith::feassemble::ElasticityImplicitData2DLinear::ElasticityImplicitData2DLinear(void)
{ // constructor
  spaceDim = _spaceDim;
  cellDim = _cellDim;
  numVertices = _numVertices;
  numCells = _numCells;
  numBasis = _numBasis;
  numQuadPts = _numQuadPts;
  matType = const_cast<char*>(_matType);
  matDBFilename = const_cast<char*>(_matDBFilename);
  matId = _matId;
  matLabel = const_cast<char*>(_matLabel);
  dt = _dt;
  vertices = const_cast<double*>(_vertices);
  cells = const_cast<int*>(_cells);
  verticesRef = const_cast<double*>(_verticesRef);
  quadPts = const_cast<double*>(_quadPts);
  quadWts = const_cast<double*>(_quadWts);
  basis = const_cast<double*>(_basis);
  basisDerivRef = const_cast<double*>(_basisDerivRef);
  fieldTpdt = const_cast<double*>(_fieldTpdt);
  fieldT = const_cast<double*>(_fieldT);
  fieldTmdt = const_cast<double*>(_fieldTmdt);
  valsResidual = const_cast<double*>(_valsResidual);
  valsJacobian = const_cast<double*>(_valsJacobian);
} // constructor

pylith::feassemble::ElasticityImplicitData2DLinear::~ElasticityImplicitData2DLinear(void)
{}


// End of file
