// -*- C++ -*-
//
// ======================================================================
//
//                           Brad T. Aagaard
//                        U.S. Geological Survey
//
// {LicenseText}
//
// ======================================================================
//

// DO NOT EDIT THIS FILE
// This file was generated from python application integratorelasticitylgdeform.

#include "ElasticityImplicitLgDeformData2DLinear.hh"

const int pylith::feassemble::ElasticityImplicitLgDeformData2DLinear::_spaceDim = 2;

const int pylith::feassemble::ElasticityImplicitLgDeformData2DLinear::_cellDim = 2;

const int pylith::feassemble::ElasticityImplicitLgDeformData2DLinear::_numVertices = 3;

const int pylith::feassemble::ElasticityImplicitLgDeformData2DLinear::_numCells = 1;

const int pylith::feassemble::ElasticityImplicitLgDeformData2DLinear::_numBasis = 3;

const int pylith::feassemble::ElasticityImplicitLgDeformData2DLinear::_numQuadPts = 1;

const char* pylith::feassemble::ElasticityImplicitLgDeformData2DLinear::_matType = "ElasticPlaneStrain";

const char* pylith::feassemble::ElasticityImplicitLgDeformData2DLinear::_matDBFilename = "data/elasticplanestrain.spatialdb";

const int pylith::feassemble::ElasticityImplicitLgDeformData2DLinear::_matId = 0;

const char* pylith::feassemble::ElasticityImplicitLgDeformData2DLinear::_matLabel = "elastic strain 2-D";

const double pylith::feassemble::ElasticityImplicitLgDeformData2DLinear::_dt =   1.00000000e-02;

const double pylith::feassemble::ElasticityImplicitLgDeformData2DLinear::_gravityVec[] = {
  0.00000000e+00, -1.00000000e+08,
};

const double pylith::feassemble::ElasticityImplicitLgDeformData2DLinear::_vertices[] = {
  2.00000000e-01, -4.00000000e-01,
  3.00000000e-01,  5.00000000e-01,
 -1.00000000e+00, -2.00000000e-01,
};

const int pylith::feassemble::ElasticityImplicitLgDeformData2DLinear::_cells[] = {
0,1,2,
};

const double pylith::feassemble::ElasticityImplicitLgDeformData2DLinear::_verticesRef[] = {
 -1.00000000e+00, -1.00000000e+00,
  1.00000000e+00, -1.00000000e+00,
 -1.00000000e+00,  1.00000000e+00,
};

const double pylith::feassemble::ElasticityImplicitLgDeformData2DLinear::_quadPts[] = {
 -3.33333333e-01, -3.33333333e-01,
};

const double pylith::feassemble::ElasticityImplicitLgDeformData2DLinear::_quadWts[] = {
  5.00000000e-01,
};

const double pylith::feassemble::ElasticityImplicitLgDeformData2DLinear::_basis[] = {
  3.33333333e-01,  3.33333333e-01,
  3.33333333e-01,};

const double pylith::feassemble::ElasticityImplicitLgDeformData2DLinear::_basisDerivRef[] = {
 -5.00000000e-01, -5.00000000e-01,
  5.00000000e-01,  0.00000000e+00,
  0.00000000e+00,  5.00000000e-01,
};

const double pylith::feassemble::ElasticityImplicitLgDeformData2DLinear::_fieldTIncr[] = {
  1.30000000e+00, -9.00000000e-01,
  1.40000000e+00,  1.50000000e+00,
  5.00000000e-01, -9.00000000e-01,
};

const double pylith::feassemble::ElasticityImplicitLgDeformData2DLinear::_fieldT[] = {
  1.60000000e+00, -8.00000000e-01,
  9.00000000e-01,  7.00000000e-01,
 -2.00000000e-01, -1.10000000e+00,
};

const double pylith::feassemble::ElasticityImplicitLgDeformData2DLinear::_fieldTmdt[] = {
  8.00000000e-01,  1.00000000e-01,
  5.00000000e-01,  3.00000000e-01,
 -1.00000000e-01, -6.00000000e-01,
};

const double pylith::feassemble::ElasticityImplicitLgDeformData2DLinear::_valsResidual[] = {
 -3.65540787e+11,  1.05895913e+12,
  9.00343192e+10, -1.09679715e+12,
  2.75506468e+11,  3.78380237e+10,
};

const double pylith::feassemble::ElasticityImplicitLgDeformData2DLinear::_valsJacobian[] = {
  4.36313261e+11, -1.48699027e+11,
 -2.81223194e+11,  8.77736676e+10,
 -1.55090067e+11,  6.09253592e+10,
 -1.48699027e+11,  7.56519651e+11,
  9.16706846e+10, -6.28762859e+11,
  5.70283422e+10, -1.27756792e+11,
 -2.81223194e+11,  9.16706846e+10,
  2.80835568e+11, -2.94466026e+10,
  3.87626315e+08, -6.22240820e+10,
  8.77736676e+10, -6.28762859e+11,
 -2.94466026e+10,  6.55682896e+11,
 -5.83270649e+10, -2.69200376e+10,
 -1.55090067e+11,  5.70283422e+10,
  3.87626315e+08, -5.83270649e+10,
  1.54702440e+11,  1.29872276e+09,
  6.09253592e+10, -1.27756792e+11,
 -6.22240820e+10, -2.69200376e+10,
  1.29872276e+09,  1.54676830e+11,
};

pylith::feassemble::ElasticityImplicitLgDeformData2DLinear::ElasticityImplicitLgDeformData2DLinear(void)
{ // constructor
  spaceDim = _spaceDim;
  cellDim = _cellDim;
  numVertices = _numVertices;
  numCells = _numCells;
  numBasis = _numBasis;
  numQuadPts = _numQuadPts;
  matType = const_cast<char*>(_matType);
  matDBFilename = const_cast<char*>(_matDBFilename);
  matId = _matId;
  matLabel = const_cast<char*>(_matLabel);
  dt = _dt;
  gravityVec = const_cast<double*>(_gravityVec);
  vertices = const_cast<double*>(_vertices);
  cells = const_cast<int*>(_cells);
  verticesRef = const_cast<double*>(_verticesRef);
  quadPts = const_cast<double*>(_quadPts);
  quadWts = const_cast<double*>(_quadWts);
  basis = const_cast<double*>(_basis);
  basisDerivRef = const_cast<double*>(_basisDerivRef);
  fieldTIncr = const_cast<double*>(_fieldTIncr);
  fieldT = const_cast<double*>(_fieldT);
  fieldTmdt = const_cast<double*>(_fieldTmdt);
  valsResidual = const_cast<double*>(_valsResidual);
  valsJacobian = const_cast<double*>(_valsJacobian);
} // constructor

pylith::feassemble::ElasticityImplicitLgDeformData2DLinear::~ElasticityImplicitLgDeformData2DLinear(void)
{}


// End of file
